 2.00000E+01
 2.00000E+01
 2.00000E+01
 2.00000E+01
 2.00000E+01
 2.00000E+01
 2.00000E+01
 2.00000E+01
 2.00067E+01
 2.00204E+01
 2.00350E+01
 2.00504E+01
 2.00665E+01
 2.00835E+01
 2.01013E+01
 2.01198E+01
 2.01392E+01
 2.01594E+01
 2.01803E+01
 2.02021E+01
 2.02246E+01
 2.02479E+01
 2.02720E+01
 2.02969E+01
 2.03226E+01
 2.03491E+01
 2.03763E+01
 2.04043E+01
 2.04331E+01
 2.04627E+01
 2.04930E+01
 2.05241E+01
 2.05560E+01
 2.05886E+01
 2.06220E+01
 2.06562E+01
 2.06911E+01
 2.07268E+01
 2.07633E+01
 2.08005E+01
 2.08384E+01
 2.08772E+01
 2.09166E+01
 2.09569E+01
 2.09978E+01
 2.10395E+01
 2.10820E+01
 2.11252E+01
 2.11691E+01
 2.12138E+01
 2.12593E+01
 2.13054E+01
 2.13523E+01
 2.13999E+01
 2.14483E+01
 2.14974E+01
 2.15472E+01
 2.15977E+01
 2.16490E+01
 2.17010E+01
 2.17537E+01
 2.18071E+01
 2.18613E+01
 2.19161E+01
 2.19717E+01
 2.20280E+01
 2.20850E+01
 2.21427E+01
 2.22011E+01
 2.22602E+01
 2.23201E+01
 2.23806E+01
 2.24418E+01
 2.25038E+01
 2.25664E+01
 2.26297E+01
 2.26937E+01
 2.27584E+01
 2.28238E+01
 2.28899E+01
 2.29567E+01
 2.30241E+01
 2.30923E+01
 2.31611E+01
 2.32306E+01
 2.33008E+01
 2.33716E+01
 2.34431E+01
 2.35153E+01
 2.35882E+01
 2.36618E+01
 2.37360E+01
 2.38108E+01
 2.38864E+01
 2.39626E+01
 2.40395E+01
 2.41170E+01
 2.41952E+01
 2.42740E+01
 2.43535E+01
 2.44337E+01
 2.45145E+01
 2.45959E+01
 2.46780E+01
 2.47607E+01
 2.48441E+01
 2.49282E+01
 2.50128E+01
 2.50981E+01
 2.51841E+01
 2.52707E+01
 2.53579E+01
 2.54457E+01
 2.55342E+01
 2.56233E+01
 2.57126E+01
 2.58030E+01
 2.58940E+01
 2.59856E+01
 2.60778E+01
 2.61707E+01
 2.62641E+01
 2.63582E+01
 2.64529E+01
 2.65482E+01
 2.66441E+01
 2.67406E+01
 2.68378E+01
 2.69355E+01
 2.70338E+01
 2.71328E+01
 2.72323E+01
 2.73325E+01
 2.74332E+01
 2.75345E+01
 2.76365E+01
 2.77390E+01
 2.78421E+01
 2.79458E+01
 2.80501E+01
 2.81549E+01
 2.82604E+01
 2.83664E+01
 2.84730E+01
 2.85802E+01
 2.86880E+01
 2.87963E+01
 2.89053E+01
 2.90147E+01
 2.91248E+01
 2.92354E+01
 2.93466E+01
 2.94584E+01
 2.95707E+01
 2.96836E+01
 2.97970E+01
 2.99110E+01
 3.00256E+01
 3.01407E+01
 3.02564E+01
 3.03726E+01
 3.04894E+01
 3.06067E+01
 3.07246E+01
 3.08430E+01
 3.09619E+01
 3.10814E+01
 3.12015E+01
 3.13220E+01
 3.14431E+01
 3.15648E+01
 3.16870E+01
 3.18097E+01
 3.19329E+01
 3.20567E+01
 3.21810E+01
 3.23058E+01
 3.24312E+01
 3.25570E+01
 3.26834E+01
 3.28103E+01
 3.29378E+01
 3.30657E+01
 3.31941E+01
 3.33231E+01
 3.34526E+01
 3.35826E+01
 3.37131E+01
 3.38441E+01
 3.39756E+01
 3.41076E+01
 3.42401E+01
 3.43731E+01
 3.45066E+01
 3.46406E+01
 3.47751E+01
 3.49101E+01
 3.50455E+01
 3.51815E+01
 3.53179E+01
 3.54549E+01
 3.55923E+01
 3.57302E+01
 3.58686E+01
 3.60075E+01
 3.61468E+01
 3.62866E+01
 3.64269E+01
 3.65677E+01
 3.67089E+01
 3.68506E+01
 3.69928E+01
 3.71354E+01
 3.72785E+01
 3.74221E+01
 3.75662E+01
 3.77106E+01
 3.78556E+01
 3.80010E+01
 3.81469E+01
 3.82932E+01
 3.84400E+01
 3.85872E+01
 3.87348E+01
 3.88830E+01
 3.90315E+01
 3.91805E+01
 3.93300E+01
 3.94799E+01
 3.96302E+01
 3.97810E+01
 3.99322E+01
 4.00838E+01
 4.02359E+01
 4.03884E+01
 4.05413E+01
 4.06947E+01
 4.08484E+01
 4.10027E+01
 4.11573E+01
 4.13123E+01
 4.14678E+01
 4.16237E+01
 4.17800E+01
 4.19368E+01
 4.20939E+01
 4.22515E+01
 4.24094E+01
 4.25678E+01
 4.27266E+01
 4.28858E+01
 4.30454E+01
 4.32054E+01
 4.33658E+01
 4.35266E+01
 4.36878E+01
 4.38493E+01
 4.40113E+01
 4.41737E+01
 4.43365E+01
 4.44997E+01
 4.46632E+01
 4.48272E+01
 4.49915E+01
 4.51562E+01
 4.53213E+01
 4.54868E+01
 4.56526E+01
 4.58189E+01
 4.59855E+01
 4.61525E+01
 4.63198E+01
 4.64876E+01
 4.66557E+01
 4.68241E+01
 4.69930E+01
 4.71622E+01
 4.73317E+01
 4.75017E+01
 4.76716E+01
 4.78423E+01
 4.80133E+01
 4.81847E+01
 4.83564E+01
 4.85285E+01
 4.87009E+01
 4.88737E+01
 4.90468E+01
 4.92203E+01
 4.93941E+01
 4.95683E+01
 4.97428E+01
 4.99177E+01
 5.00928E+01
 5.02684E+01
 5.04443E+01
 5.06205E+01
 5.07970E+01
 5.09739E+01
 5.11511E+01
 5.13286E+01
 5.15065E+01
 5.16847E+01
 5.18632E+01
 5.20420E+01
 5.22212E+01
 5.24007E+01
 5.25805E+01
 5.27606E+01
 5.29410E+01
 5.31217E+01
 5.33028E+01
 5.34842E+01
 5.36659E+01
 5.38479E+01
 5.40302E+01
 5.42128E+01
 5.43957E+01
 5.45789E+01
 5.47624E+01
 5.49462E+01
 5.51303E+01
 5.53148E+01
 5.54995E+01
 5.56845E+01
 5.58698E+01
 5.60553E+01
 5.62412E+01
 5.64274E+01
 5.66138E+01
 5.68006E+01
 5.69876E+01
 5.71749E+01
 5.73625E+01
 5.75503E+01
 5.77385E+01
 5.79269E+01
 5.81156E+01
 5.83046E+01
 5.84938E+01
 5.86833E+01
 5.88731E+01
 5.90631E+01
 5.92535E+01
 5.94440E+01
 5.96349E+01
 5.98260E+01
 6.00174E+01
 6.02090E+01
 6.04009E+01
 6.05930E+01
 6.07854E+01
 6.09781E+01
 6.11710E+01
 6.13641E+01
 6.15575E+01
 6.17512E+01
 6.19451E+01
 6.21393E+01
 6.23336E+01
 6.25283E+01
 6.27232E+01
 6.29183E+01
 6.31136E+01
 6.33092E+01
 6.35051E+01
 6.37011E+01
 6.38974E+01
 6.40939E+01
 6.42907E+01
 6.44877E+01
 6.46849E+01
 6.48824E+01
 6.50800E+01
 6.52779E+01
 6.54760E+01
 6.56744E+01
 6.58729E+01
 6.60717E+01
 6.62707E+01
 6.64699E+01
 6.66693E+01
 6.68689E+01
 6.70687E+01
 6.72688E+01
 6.74690E+01
 6.76695E+01
 6.78702E+01
 6.80710E+01
 6.82721E+01
 6.84734E+01
 6.86749E+01
 6.88765E+01
 6.90784E+01
 6.92805E+01
 6.94828E+01
 6.96852E+01
 6.98879E+01
 7.00907E+01
 7.02938E+01
 7.04970E+01
 7.07004E+01
 7.09040E+01
 7.11078E+01
 7.13117E+01
 7.15159E+01
 7.17202E+01
 7.19247E+01
 7.21294E+01
 7.23343E+01
 7.25393E+01
 7.27445E+01
 7.29499E+01
 7.31554E+01
 7.33611E+01
 7.35670E+01
 7.37731E+01
 7.39793E+01
 7.41857E+01
 7.43923E+01
 7.45990E+01
 7.48058E+01
 7.50129E+01
 7.52201E+01
 7.54274E+01
 7.56349E+01
 7.58426E+01
 7.60504E+01
 7.62581E+01
 7.64659E+01
 7.66742E+01
 7.68823E+01
 7.70909E+01
 7.72993E+01
 7.75079E+01
 7.77169E+01
 7.79260E+01
 7.81353E+01
 7.83447E+01
 7.85543E+01
 7.87640E+01
 7.89738E+01
 7.91837E+01
 7.93938E+01
 7.96041E+01
 7.98144E+01
 8.00249E+01
 8.02355E+01
 8.04463E+01
 8.06569E+01
 8.08679E+01
 8.10790E+01
 8.12902E+01
 8.15013E+01
 8.17128E+01
 8.19244E+01
 8.21358E+01
 8.23474E+01
 8.25591E+01
 8.27711E+01
 8.29833E+01
 8.31956E+01
 8.34080E+01
 8.36205E+01
 8.38331E+01
 8.40458E+01
 8.42583E+01
 8.44710E+01
 8.46840E+01
 8.48972E+01
 8.51101E+01
 8.53234E+01
 8.55369E+01
 8.57504E+01
 8.59640E+01
 8.61777E+01
 8.63915E+01
 8.66054E+01
 8.68194E+01
 8.70335E+01
 8.72476E+01
 8.74619E+01
 8.76762E+01
 8.78906E+01
 8.81051E+01
 8.83197E+01
 8.85344E+01
 8.87491E+01
 8.89640E+01
 8.91789E+01
 8.93938E+01
 8.96089E+01
 8.98240E+01
 9.00392E+01
 9.02545E+01
 9.04698E+01
 9.06853E+01
 9.09007E+01
 9.11163E+01
 9.13319E+01
 9.15476E+01
 9.17634E+01
 9.19792E+01
 9.21950E+01
 9.24110E+01
 9.26270E+01
 9.28430E+01
 9.30591E+01
 9.32753E+01
 9.34915E+01
 9.37078E+01
 9.39241E+01
 9.41405E+01
 9.43569E+01
 9.45734E+01
 9.47899E+01
 9.50065E+01
 9.52231E+01
 9.54398E+01
 9.56565E+01
 9.58732E+01
 9.60900E+01
 9.63069E+01
 9.65237E+01
 9.67407E+01
 9.69576E+01
 9.71746E+01
 9.73916E+01
 9.76087E+01
 9.78258E+01
 9.80429E+01
 9.82600E+01
 9.84772E+01
 9.86944E+01
 9.89117E+01
 9.91289E+01
 9.93462E+01
 9.95635E+01
 9.97809E+01
 9.99982E+01
 1.00216E+02
 1.00433E+02
 1.00650E+02
 1.00868E+02
 1.01085E+02
 1.01303E+02
 1.01520E+02
 1.01738E+02
 1.01955E+02
 1.02173E+02
 1.02390E+02
 1.02608E+02
 1.02826E+02
 1.03043E+02
 1.03261E+02
 1.03478E+02
 1.03696E+02
 1.03913E+02
 1.04131E+02
 1.04349E+02
 1.04566E+02
 1.04784E+02
 1.05001E+02
 1.05219E+02
 1.05437E+02
 1.05654E+02
 1.05872E+02
 1.06089E+02
 1.06307E+02
 1.06524E+02
 1.06742E+02
 1.06959E+02
 1.07177E+02
 1.07395E+02
 1.07612E+02
 1.07830E+02
 1.08047E+02
 1.08264E+02
 1.08482E+02
 1.08699E+02
 1.08917E+02
 1.09134E+02
 1.09351E+02
 1.09569E+02
 1.09786E+02
 1.10003E+02
 1.10221E+02
 1.10438E+02
 1.10655E+02
 1.10872E+02
 1.11089E+02
 1.11307E+02
 1.11524E+02
 1.11741E+02
 1.11958E+02
 1.12175E+02
 1.12392E+02
 1.12609E+02
 1.12826E+02
 1.13042E+02
 1.13259E+02
 1.13476E+02
 1.13693E+02
 1.13910E+02
 1.14126E+02
 1.14343E+02
 1.14559E+02
 1.14776E+02
 1.14992E+02
 1.15209E+02
 1.15425E+02
 1.15642E+02
 1.15858E+02
 1.16074E+02
 1.16290E+02
 1.16506E+02
 1.16723E+02
 1.16939E+02
 1.17155E+02
 1.17370E+02
 1.17586E+02
 1.17802E+02
 1.18018E+02
 1.18234E+02
 1.18449E+02
 1.18665E+02
 1.18880E+02
 1.19096E+02
 1.19311E+02
 1.19526E+02
 1.19742E+02
 1.19957E+02
 1.20172E+02
 1.20387E+02
 1.20602E+02
 1.20817E+02
 1.21032E+02
 1.21247E+02
 1.21461E+02
 1.21676E+02
 1.21891E+02
 1.22105E+02
 1.22319E+02
 1.22534E+02
 1.22748E+02
 1.22962E+02
 1.23176E+02
 1.23390E+02
 1.23604E+02
 1.23818E+02
 1.24032E+02
 1.24246E+02
 1.24459E+02
 1.24673E+02
 1.24886E+02
 1.25100E+02
 1.25313E+02
 1.25526E+02
 1.25739E+02
 1.25952E+02
 1.26165E+02
 1.26378E+02
 1.26591E+02
 1.26803E+02
 1.27016E+02
 1.27228E+02
 1.27441E+02
 1.27653E+02
 1.27865E+02
 1.28077E+02
 1.28289E+02
 1.28501E+02
 1.28713E+02
 1.28924E+02
 1.29136E+02
 1.29347E+02
 1.29559E+02
 1.29770E+02
 1.29981E+02
 1.30192E+02
 1.30403E+02
 1.30614E+02
 1.30825E+02
 1.31036E+02
 1.31246E+02
 1.31456E+02
 1.31667E+02
 1.31877E+02
 1.32087E+02
 1.32297E+02
 1.32507E+02
 1.32717E+02
 1.32926E+02
 1.33136E+02
 1.33345E+02
 1.33554E+02
 1.33764E+02
 1.33973E+02
 1.34181E+02
 1.34390E+02
 1.34599E+02
 1.34807E+02
 1.35016E+02
 1.35224E+02
 1.35432E+02
 1.35640E+02
 1.35848E+02
 1.36056E+02
 1.36264E+02
 1.36471E+02
 1.36679E+02
 1.36886E+02
 1.37093E+02
 1.37300E+02
 1.37507E+02
 1.37714E+02
 1.37921E+02
 1.38127E+02
 1.38334E+02
 1.38540E+02
 1.38746E+02
 1.38952E+02
 1.39158E+02
 1.39364E+02
 1.39569E+02
 1.39775E+02
 1.39980E+02
 1.40185E+02
 1.40390E+02
 1.40595E+02
 1.40800E+02
 1.41004E+02
 1.41209E+02
 1.41413E+02
 1.41617E+02
 1.41821E+02
 1.42025E+02
 1.42229E+02
 1.42432E+02
 1.42636E+02
 1.42839E+02
 1.43042E+02
 1.43245E+02
 1.43448E+02
 1.43651E+02
 1.43853E+02
 1.44056E+02
 1.44258E+02
 1.44460E+02
 1.44662E+02
 1.44864E+02
 1.45065E+02
 1.45267E+02
 1.45468E+02
 1.45669E+02
 1.45870E+02
 1.46071E+02
 1.46272E+02
 1.46472E+02
 1.46672E+02
 1.46873E+02
 1.47073E+02
 1.47273E+02
 1.47472E+02
 1.47672E+02
 1.47871E+02
 1.48070E+02
 1.48269E+02
 1.48468E+02
 1.48667E+02
 1.48866E+02
 1.49064E+02
 1.49262E+02
 1.49460E+02
 1.49658E+02
 1.49856E+02
 1.50053E+02
 1.50251E+02
 1.50448E+02
 1.50645E+02
 1.50842E+02
 1.51039E+02
 1.51235E+02
 1.51431E+02
 1.51628E+02
 1.51824E+02
 1.52019E+02
 1.52215E+02
 1.52411E+02
 1.52606E+02
 1.52801E+02
 1.52996E+02
 1.53191E+02
 1.53385E+02
 1.53580E+02
 1.53774E+02
 1.53968E+02
 1.54162E+02
 1.54355E+02
 1.54549E+02
 1.54742E+02
 1.54935E+02
 1.55128E+02
 1.55321E+02
 1.55514E+02
 1.55706E+02
 1.55898E+02
 1.56090E+02
 1.56282E+02
 1.56474E+02
 1.56665E+02
 1.56856E+02
 1.57047E+02
 1.57238E+02
 1.57429E+02
 1.57619E+02
 1.57810E+02
 1.58000E+02
 1.58190E+02
 1.58380E+02
 1.58569E+02
 1.58758E+02
 1.58948E+02
 1.59137E+02
 1.59325E+02
 1.59514E+02
 1.59702E+02
 1.59890E+02
 1.60078E+02
 1.60266E+02
 1.60454E+02
 1.60641E+02
 1.60828E+02
 1.61015E+02
 1.61202E+02
 1.61389E+02
 1.61575E+02
 1.61761E+02
 1.61947E+02
 1.62133E+02
 1.62319E+02
 1.62504E+02
 1.62689E+02
 1.62874E+02
 1.63059E+02
 1.63243E+02
 1.63428E+02
 1.63612E+02
 1.63796E+02
 1.63980E+02
 1.64163E+02
 1.64346E+02
 1.64530E+02
 1.64712E+02
 1.64895E+02
 1.65078E+02
 1.65260E+02
 1.65442E+02
 1.65624E+02
 1.65806E+02
 1.65987E+02
 1.66168E+02
 1.66349E+02
 1.66530E+02
 1.66711E+02
 1.66891E+02
 1.67071E+02
 1.67251E+02
 1.67431E+02
 1.67610E+02
 1.67790E+02
 1.67969E+02
 1.68148E+02
 1.68326E+02
 1.68505E+02
 1.68683E+02
 1.68861E+02
 1.69039E+02
 1.69216E+02
 1.69394E+02
 1.69571E+02
 1.69748E+02
 1.69924E+02
 1.70101E+02
 1.70277E+02
 1.70453E+02
 1.70629E+02
 1.70805E+02
 1.70980E+02
 1.71155E+02
 1.71330E+02
 1.71505E+02
 1.71679E+02
 1.71853E+02
 1.72028E+02
 1.72201E+02
 1.72375E+02
 1.72548E+02
 1.72721E+02
 1.72894E+02
 1.73067E+02
 1.73239E+02
 1.73412E+02
 1.73584E+02
 1.73755E+02
 1.73927E+02
 1.74098E+02
 1.74269E+02
 1.74440E+02
 1.74611E+02
 1.74781E+02
 1.74951E+02
 1.75121E+02
 1.75291E+02
 1.75461E+02
 1.75630E+02
 1.75799E+02
 1.75968E+02
 1.76136E+02
 1.76304E+02
 1.76473E+02
 1.76640E+02
 1.76808E+02
 1.76975E+02
 1.77143E+02
 1.77309E+02
 1.77476E+02
 1.77642E+02
 1.77809E+02
 1.77975E+02
 1.78140E+02
 1.78306E+02
 1.78471E+02
 1.78636E+02
 1.78801E+02
 1.78965E+02
 1.79130E+02
 1.79294E+02
 1.79458E+02
 1.79621E+02
 1.79785E+02
 1.79948E+02
 1.80111E+02
 1.80273E+02
 1.80436E+02
 1.80598E+02
 1.80760E+02
 1.80921E+02
 1.81083E+02
 1.81244E+02
 1.81405E+02
 1.81566E+02
 1.81726E+02
 1.81886E+02
 1.82046E+02
 1.82206E+02
 1.82366E+02
 1.82525E+02
 1.82684E+02
 1.82843E+02
 1.83001E+02
 1.83160E+02
 1.83318E+02
 1.83476E+02
 1.83633E+02
 1.83791E+02
 1.83948E+02
 1.84104E+02
 1.84261E+02
 1.84417E+02
 1.84574E+02
 1.84729E+02
 1.84885E+02
 1.85040E+02
 1.85195E+02
 1.85350E+02
 1.85505E+02
 1.85659E+02
 1.85813E+02
 1.85967E+02
 1.86121E+02
 1.86274E+02
 1.86427E+02
 1.86580E+02
 1.86733E+02
 1.86885E+02
 1.87038E+02
 1.87189E+02
 1.87341E+02
 1.87492E+02
 1.87644E+02
 1.87794E+02
 1.87945E+02
 1.88096E+02
 1.88246E+02
 1.88396E+02
 1.88545E+02
 1.88695E+02
 1.88844E+02
 1.88993E+02
 1.89141E+02
 1.89290E+02
 1.89438E+02
 1.89586E+02
 1.89733E+02
 1.89881E+02
 1.90028E+02
 1.90175E+02
 1.90321E+02
 1.90468E+02
 1.90614E+02
 1.90760E+02
 1.90905E+02
 1.91050E+02
 1.91196E+02
 1.91340E+02
 1.91485E+02
 1.91629E+02
 1.91773E+02
 1.91917E+02
 1.92061E+02
 1.92204E+02
 1.92347E+02
 1.92490E+02
 1.92632E+02
 1.92775E+02
 1.92917E+02
 1.93058E+02
 1.93200E+02
 1.93341E+02
 1.93482E+02
 1.93623E+02
 1.93763E+02
 1.93904E+02
 1.94044E+02
 1.94183E+02
 1.94323E+02
 1.94462E+02
 1.94601E+02
 1.94740E+02
 1.94878E+02
 1.95016E+02
 1.95154E+02
 1.95292E+02
 1.95429E+02
 1.95566E+02
 1.95703E+02
 1.95840E+02
 1.95976E+02
 1.96112E+02
 1.96248E+02
 1.96384E+02
 1.96519E+02
 1.96654E+02
 1.96789E+02
 1.96924E+02
 1.97058E+02
 1.97192E+02
 1.97326E+02
 1.97459E+02
 1.97592E+02
 1.97725E+02
 1.97858E+02
 1.97991E+02
 1.98123E+02
 1.98255E+02
 1.98386E+02
 1.98518E+02
 1.98649E+02
 1.98780E+02
 1.98911E+02
 1.99041E+02
 1.99171E+02
 1.99301E+02
 1.99431E+02
 1.99560E+02
 1.99689E+02
 1.99818E+02
 1.99946E+02
 2.00075E+02
 2.00203E+02
 2.00330E+02
 2.00458E+02
 2.00585E+02
 2.00712E+02
 2.00839E+02
 2.00965E+02
 2.01092E+02
 2.01218E+02
 2.01343E+02
 2.01469E+02
 2.01594E+02
 2.01719E+02
 2.01843E+02
 2.01968E+02
 2.02092E+02
 2.02216E+02
 2.02339E+02
 2.02463E+02
 2.02586E+02
 2.02708E+02
 2.02831E+02
 2.02953E+02
 2.03075E+02
 2.03197E+02
 2.03318E+02
 2.03440E+02
 2.03561E+02
 2.03681E+02
 2.03802E+02
 2.03922E+02
 2.04042E+02
 2.04162E+02
 2.04281E+02
 2.04400E+02
 2.04519E+02
 2.04637E+02
 2.04756E+02
 2.04874E+02
 2.04992E+02
 2.05109E+02
 2.05227E+02
 2.05344E+02
 2.05460E+02
 2.05577E+02
 2.05693E+02
 2.05809E+02
 2.05925E+02
 2.06040E+02
 2.06155E+02
 2.06270E+02
 2.06385E+02
 2.06499E+02
 2.06613E+02
 2.06727E+02
 2.06841E+02
 2.06954E+02
 2.07067E+02
 2.07180E+02
 2.07293E+02
 2.07405E+02
 2.07517E+02
 2.07629E+02
 2.07740E+02
 2.07851E+02
 2.07962E+02
 2.08073E+02
 2.08184E+02
 2.08294E+02
 2.08404E+02
 2.08513E+02
 2.08623E+02
 2.08732E+02
 2.08841E+02
 2.08949E+02
 2.09058E+02
 2.09166E+02
 2.09274E+02
 2.09381E+02
 2.09488E+02
 2.09595E+02
 2.09702E+02
 2.09809E+02
 2.09915E+02
 2.10021E+02
 2.10127E+02
 2.10232E+02
 2.10337E+02
 2.10442E+02
 2.10547E+02
 2.10651E+02
 2.10756E+02
 2.10859E+02
 2.10963E+02
 2.11066E+02
 2.11170E+02
 2.11272E+02
 2.11375E+02
 2.11477E+02
 2.11579E+02
 2.11681E+02
 2.11783E+02
 2.11884E+02
 2.11985E+02
 2.12086E+02
 2.12186E+02
 2.12286E+02
 2.12386E+02
 2.12486E+02
 2.12586E+02
 2.12685E+02
 2.12784E+02
 2.12882E+02
 2.12981E+02
 2.13079E+02
 2.13177E+02
 2.13274E+02
 2.13372E+02
 2.13469E+02
 2.13566E+02
 2.13662E+02
 2.13759E+02
 2.13855E+02
 2.13951E+02
 2.14046E+02
 2.14141E+02
 2.14236E+02
 2.14331E+02
 2.14426E+02
 2.14520E+02
 2.14614E+02
 2.14708E+02
 2.14801E+02
 2.14894E+02
 2.14987E+02
 2.15080E+02
 2.15172E+02
 2.15265E+02
 2.15357E+02
 2.15448E+02
 2.15540E+02
 2.15631E+02
 2.15722E+02
 2.15812E+02
 2.15903E+02
 2.15993E+02
 2.16083E+02
 2.16172E+02
 2.16262E+02
 2.16351E+02
 2.16440E+02
 2.16528E+02
 2.16616E+02
 2.16704E+02
 2.16792E+02
 2.16880E+02
 2.16967E+02
 2.17054E+02
 2.17141E+02
 2.17227E+02
 2.17314E+02
 2.17400E+02
 2.17485E+02
 2.17571E+02
 2.17656E+02
 2.17741E+02
 2.17826E+02
 2.17910E+02
 2.17995E+02
 2.18079E+02
 2.18162E+02
 2.18246E+02
 2.18329E+02
 2.18412E+02
 2.18495E+02
 2.18577E+02
 2.18659E+02
 2.18741E+02
 2.18823E+02
 2.18904E+02
 2.18985E+02
 2.19066E+02
 2.19147E+02
 2.19227E+02
 2.19308E+02
 2.19388E+02
 2.19467E+02
 2.19547E+02
 2.19626E+02
 2.19705E+02
 2.19783E+02
 2.19862E+02
 2.19940E+02
 2.20018E+02
 2.20095E+02
 2.20173E+02
 2.20250E+02
 2.20327E+02
 2.20403E+02
 2.20480E+02
 2.20556E+02
 2.20632E+02
 2.20708E+02
 2.20783E+02
 2.20858E+02
 2.20933E+02
 2.21008E+02
 2.21082E+02
 2.21156E+02
 2.21230E+02
 2.21304E+02
 2.21377E+02
 2.21450E+02
 2.21523E+02
 2.21596E+02
 2.21668E+02
 2.21740E+02
 2.21812E+02
 2.21884E+02
 2.21955E+02
 2.22026E+02
 2.22097E+02
 2.22168E+02
 2.22238E+02
 2.22309E+02
 2.22379E+02
 2.22448E+02
 2.22518E+02
 2.22587E+02
 2.22656E+02
 2.22724E+02
 2.22793E+02
 2.22861E+02
 2.22929E+02
 2.22997E+02
 2.23064E+02
 2.23132E+02
 2.23198E+02
 2.23265E+02
 2.23332E+02
 2.23398E+02
 2.23464E+02
 2.23530E+02
 2.23595E+02
 2.23661E+02
 2.23726E+02
 2.23790E+02
 2.23855E+02
 2.23919E+02
 2.23983E+02
 2.24047E+02
 2.24111E+02
 2.24174E+02
 2.24237E+02
 2.24300E+02
 2.24363E+02
 2.24425E+02
 2.24487E+02
 2.24549E+02
 2.24611E+02
 2.24672E+02
 2.24733E+02
 2.24794E+02
 2.24855E+02
 2.24916E+02
 2.24976E+02
 2.25036E+02
 2.25096E+02
 2.25155E+02
 2.25214E+02
 2.25273E+02
 2.25332E+02
 2.25391E+02
 2.25449E+02
 2.25507E+02
 2.25565E+02
 2.25623E+02
 2.25680E+02
 2.25737E+02
 2.25794E+02
 2.25851E+02
 2.25907E+02
 2.25964E+02
 2.26020E+02
 2.26075E+02
 2.26131E+02
 2.26186E+02
 2.26241E+02
 2.26296E+02
 2.26350E+02
 2.26405E+02
 2.26459E+02
 2.26513E+02
 2.26566E+02
 2.26620E+02
 2.26673E+02
 2.26726E+02
 2.26779E+02
 2.26831E+02
 2.26883E+02
 2.26935E+02
 2.26987E+02
 2.27039E+02
 2.27090E+02
 2.27141E+02
 2.27192E+02
 2.27243E+02
 2.27293E+02
 2.27343E+02
 2.27393E+02
 2.27443E+02
 2.27492E+02
 2.27542E+02
 2.27591E+02
 2.27640E+02
 2.27688E+02
 2.27736E+02
 2.27785E+02
 2.27833E+02
 2.27880E+02
 2.27928E+02
 2.27975E+02
 2.28022E+02
 2.28069E+02
 2.28115E+02
 2.28162E+02
 2.28208E+02
 2.28253E+02
 2.28299E+02
 2.28345E+02
 2.28390E+02
 2.28435E+02
 2.28479E+02
 2.28524E+02
 2.28568E+02
 2.28612E+02
 2.28656E+02
 2.28700E+02
 2.28743E+02
 2.28787E+02
 2.28829E+02
 2.28872E+02
 2.28915E+02
 2.28957E+02
 2.28999E+02
 2.29041E+02
 2.29083E+02
 2.29124E+02
 2.29165E+02
 2.29206E+02
 2.29247E+02
 2.29288E+02
 2.29328E+02
 2.29368E+02
 2.29408E+02
 2.29448E+02
 2.29487E+02
 2.29526E+02
 2.29565E+02
 2.29604E+02
 2.29643E+02
 2.29681E+02
 2.29719E+02
 2.29757E+02
 2.29795E+02
 2.29833E+02
 2.29870E+02
 2.29907E+02
 2.29944E+02
 2.29981E+02
 2.30017E+02
 2.30053E+02
 2.30089E+02
 2.30125E+02
 2.30161E+02
 2.30196E+02
 2.30231E+02
 2.30266E+02
 2.30301E+02
 2.30336E+02
 2.30370E+02
 2.30404E+02
 2.30438E+02
 2.30472E+02
 2.30505E+02
 2.30538E+02
 2.30572E+02
 2.30604E+02
 2.30637E+02
 2.30670E+02
 2.30702E+02
 2.30734E+02
 2.30766E+02
 2.30797E+02
 2.30829E+02
 2.30860E+02
 2.30891E+02
 2.30922E+02
 2.30952E+02
 2.30983E+02
 2.31013E+02
 2.31043E+02
 2.31072E+02
 2.31102E+02
 2.31131E+02
 2.31161E+02
 2.31189E+02
 2.31218E+02
 2.31247E+02
 2.31275E+02
 2.31303E+02
 2.31331E+02
 2.31359E+02
 2.31386E+02
 2.31414E+02
 2.31441E+02
 2.31468E+02
 2.31495E+02
 2.31521E+02
 2.31547E+02
 2.31573E+02
 2.31599E+02
 2.31625E+02
 2.31651E+02
 2.31676E+02
 2.31701E+02
 2.31726E+02
 2.31751E+02
 2.31775E+02
 2.31800E+02
 2.31824E+02
 2.31848E+02
 2.31871E+02
 2.31895E+02
 2.31918E+02
 2.31941E+02
 2.31964E+02
 2.31987E+02
 2.32010E+02
 2.32032E+02
 2.32054E+02
 2.32076E+02
 2.32098E+02
 2.32120E+02
 2.32141E+02
 2.32162E+02
 2.32183E+02
 2.32204E+02
 2.32225E+02
 2.32245E+02
 2.32266E+02
 2.32286E+02
 2.32305E+02
 2.32325E+02
 2.32345E+02
 2.32364E+02
 2.32383E+02
 2.32402E+02
 2.32421E+02
 2.32439E+02
 2.32458E+02
 2.32476E+02
 2.32494E+02
 2.32512E+02
 2.32529E+02
 2.32547E+02
 2.32564E+02
 2.32581E+02
 2.32598E+02
 2.32615E+02
 2.32631E+02
 2.32647E+02
 2.32663E+02
 2.32679E+02
 2.32695E+02
 2.32711E+02
 2.32726E+02
 2.32741E+02
 2.32756E+02
 2.32771E+02
 2.32786E+02
 2.32800E+02
 2.32815E+02
 2.32829E+02
 2.32843E+02
 2.32856E+02
 2.32870E+02
 2.32883E+02
 2.32897E+02
 2.32910E+02
 2.32923E+02
 2.32935E+02
 2.32948E+02
 2.32960E+02
 2.32972E+02
 2.32984E+02
 2.32996E+02
 2.33008E+02
 2.33019E+02
 2.33030E+02
 2.33041E+02
 2.33052E+02
 2.33063E+02
 2.33074E+02
 2.33084E+02
 2.33094E+02
 2.33104E+02
 2.33114E+02
 2.33124E+02
 2.33133E+02
 2.33143E+02
 2.33152E+02
 2.33161E+02
 2.33170E+02
 2.33178E+02
 2.33187E+02
 2.33195E+02
 2.33203E+02
 2.33211E+02
 2.33219E+02
 2.33227E+02
 2.33234E+02
 2.33241E+02
 2.33248E+02
 2.33255E+02
 2.33262E+02
 2.33269E+02
 2.33275E+02
 2.33281E+02
 2.33288E+02
 2.33294E+02
 2.33299E+02
 2.33305E+02
 2.33310E+02
 2.33316E+02
 2.33321E+02
 2.33326E+02
 2.33330E+02
 2.33335E+02
 2.33340E+02
 2.33344E+02
 2.33348E+02
 2.33352E+02
 2.33356E+02
 2.33359E+02
 2.33363E+02
 2.33366E+02
 2.33369E+02
 2.33372E+02
 2.33375E+02
 2.33378E+02
 2.33380E+02
 2.33383E+02
 2.33385E+02
 2.33387E+02
 2.33389E+02
 2.33391E+02
 2.33392E+02
 2.33394E+02
 2.33395E+02
 2.33396E+02
 2.33397E+02
 2.33398E+02
 2.33398E+02
 2.33399E+02
 2.33399E+02
 2.33399E+02
 2.33399E+02
 2.33399E+02
 2.33399E+02
 2.33398E+02
 2.33398E+02
 2.33397E+02
 2.33396E+02
 2.33395E+02
 2.33393E+02
 2.33392E+02
 2.33391E+02
 2.33389E+02
 2.33387E+02
 2.33385E+02
 2.33383E+02
 2.33381E+02
 2.33378E+02
 2.33375E+02
 2.33373E+02
 2.33370E+02
 2.33367E+02
 2.33364E+02
 2.33360E+02
 2.33357E+02
 2.33353E+02
 2.33349E+02
 2.33345E+02
 2.33341E+02
 2.33337E+02
 2.33333E+02
 2.33328E+02
 2.33324E+02
 2.33319E+02
 2.33314E+02
 2.33309E+02
 2.33304E+02
 2.33298E+02
 2.33293E+02
 2.33287E+02
 2.33281E+02
 2.33275E+02
 2.33269E+02
 2.33263E+02
 2.33257E+02
 2.33250E+02
 2.33243E+02
 2.33237E+02
 2.33230E+02
 2.33223E+02
 2.33215E+02
 2.33208E+02
 2.33200E+02
 2.33193E+02
 2.33185E+02
 2.33177E+02
 2.33169E+02
 2.33161E+02
 2.33153E+02
 2.33144E+02
 2.33135E+02
 2.33127E+02
 2.33118E+02
 2.33109E+02
 2.33100E+02
 2.33090E+02
 2.33081E+02
 2.33071E+02
 2.33062E+02
 2.33052E+02
 2.33042E+02
 2.33032E+02
 2.33022E+02
 2.33011E+02
 2.33001E+02
 2.32990E+02
 2.32980E+02
 2.32969E+02
 2.32958E+02
 2.32947E+02
 2.32935E+02
 2.32924E+02
 2.32912E+02
 2.32901E+02
 2.32889E+02
 2.32877E+02
 2.32865E+02
 2.32853E+02
 2.32841E+02
 2.32828E+02
 2.32816E+02
 2.32803E+02
 2.32790E+02
 2.32777E+02
 2.32764E+02
 2.32751E+02
 2.32738E+02
 2.32724E+02
 2.32711E+02
 2.32697E+02
 2.32683E+02
 2.32669E+02
 2.32655E+02
 2.32641E+02
 2.32627E+02
 2.32612E+02
 2.32598E+02
 2.32583E+02
 2.32568E+02
 2.32553E+02
 2.32538E+02
 2.32523E+02
 2.32508E+02
 2.32493E+02
 2.32477E+02
 2.32462E+02
 2.32446E+02
 2.32430E+02
 2.32414E+02
 2.32398E+02
 2.32382E+02
 2.32365E+02
 2.32349E+02
 2.32332E+02
 2.32316E+02
 2.32299E+02
 2.32282E+02
 2.32265E+02
 2.32248E+02
 2.32231E+02
 2.32213E+02
 2.32196E+02
 2.32178E+02
 2.32160E+02
 2.32143E+02
 2.32125E+02
 2.32107E+02
 2.32089E+02
 2.32070E+02
 2.32052E+02
 2.32033E+02
 2.32015E+02
 2.31996E+02
 2.31977E+02
 2.31958E+02
 2.31939E+02
 2.31920E+02
 2.31901E+02
 2.31881E+02
 2.31862E+02
 2.31842E+02
 2.31823E+02
 2.31803E+02
 2.31783E+02
 2.31763E+02
 2.31743E+02
 2.31723E+02
 2.31702E+02
 2.31682E+02
 2.31661E+02
 2.31641E+02
 2.31620E+02
 2.31599E+02
 2.31578E+02
 2.31557E+02
 2.31536E+02
 2.31515E+02
 2.31493E+02
 2.31472E+02
 2.31450E+02
 2.31428E+02
 2.31407E+02
 2.31385E+02
 2.31363E+02
 2.31341E+02
 2.31318E+02
 2.31296E+02
 2.31274E+02
 2.31251E+02
 2.31229E+02
 2.31206E+02
 2.31183E+02
 2.31160E+02
 2.31137E+02
 2.31114E+02
 2.31091E+02
 2.31068E+02
 2.31045E+02
 2.31021E+02
 2.30997E+02
 2.30974E+02
 2.30950E+02
 2.30926E+02
 2.30902E+02
 2.30878E+02
 2.30854E+02
 2.30830E+02
 2.30806E+02
 2.30781E+02
 2.30757E+02
 2.30732E+02
 2.30707E+02
 2.30683E+02
 2.30658E+02
 2.30633E+02
 2.30608E+02
 2.30583E+02
 2.30557E+02
 2.30532E+02
 2.30507E+02
 2.30481E+02
 2.30455E+02
 2.30430E+02
 2.30404E+02
 2.30378E+02
 2.30352E+02
 2.30326E+02
 2.30300E+02
 2.30274E+02
 2.30247E+02
 2.30221E+02
 2.30195E+02
 2.30168E+02
 2.30141E+02
 2.30115E+02
 2.30088E+02
 2.30061E+02
 2.30034E+02
 2.30007E+02
 2.29980E+02
 2.29952E+02
 2.29925E+02
 2.29898E+02
 2.29870E+02
 2.29843E+02
 2.29815E+02
 2.29787E+02
 2.29759E+02
 2.29732E+02
 2.29704E+02
 2.29675E+02
 2.29647E+02
 2.29619E+02
 2.29591E+02
 2.29562E+02
 2.29534E+02
 2.29505E+02
 2.29477E+02
 2.29448E+02
 2.29419E+02
 2.29390E+02
 2.29362E+02
 2.29333E+02
 2.29303E+02
 2.29274E+02
 2.29245E+02
 2.29216E+02
 2.29186E+02
 2.29157E+02
 2.29127E+02
 2.29098E+02
 2.29068E+02
 2.29038E+02
 2.29008E+02
 2.28978E+02
 2.28948E+02
 2.28918E+02
 2.28888E+02
 2.28858E+02
 2.28828E+02
 2.28797E+02
 2.28767E+02
 2.28737E+02
 2.28706E+02
 2.28675E+02
 2.28645E+02
 2.28614E+02
 2.28583E+02
 2.28552E+02
 2.28521E+02
 2.28490E+02
 2.28459E+02
 2.28428E+02
 2.28396E+02
 2.28365E+02
 2.28334E+02
 2.28302E+02
 2.28271E+02
 2.28239E+02
 2.28207E+02
 2.28176E+02
 2.28144E+02
 2.28112E+02
 2.28080E+02
 2.28048E+02
 2.28016E+02
 2.27984E+02
 2.27952E+02
 2.27920E+02
 2.27887E+02
 2.27855E+02
 2.27822E+02
 2.27790E+02
 2.27757E+02
 2.27725E+02
 2.27692E+02
 2.27659E+02
 2.27626E+02
 2.27593E+02
 2.27561E+02
 2.27527E+02
 2.27494E+02
 2.27461E+02
 2.27428E+02
 2.27395E+02
 2.27362E+02
 2.27328E+02
 2.27295E+02
 2.27261E+02
 2.27228E+02
 2.27194E+02
 2.27161E+02
 2.27127E+02
 2.27093E+02
 2.27059E+02
 2.27025E+02
 2.26991E+02
 2.26957E+02
 2.26923E+02
 2.26889E+02
 2.26855E+02
 2.26821E+02
 2.26787E+02
 2.26752E+02
 2.26718E+02
 2.26683E+02
 2.26649E+02
 2.26614E+02
 2.26580E+02
 2.26545E+02
 2.26511E+02
 2.26476E+02
 2.26441E+02
 2.26406E+02
 2.26371E+02
 2.26336E+02
 2.26301E+02
 2.26266E+02
 2.26231E+02
 2.26196E+02
 2.26161E+02
 2.26125E+02
 2.26090E+02
 2.26055E+02
 2.26019E+02
 2.25984E+02
 2.25948E+02
 2.25913E+02
 2.25877E+02
 2.25842E+02
 2.25806E+02
 2.25770E+02
 2.25734E+02
 2.25699E+02
 2.25663E+02
 2.25627E+02
 2.25591E+02
 2.25555E+02
 2.25519E+02
 2.25483E+02
 2.25446E+02
 2.25410E+02
 2.25374E+02
 2.25338E+02
 2.25301E+02
 2.25265E+02
 2.25229E+02
 2.25192E+02
 2.25156E+02
 2.25119E+02
 2.25083E+02
 2.25046E+02
 2.25009E+02
 2.24973E+02
 2.24936E+02
 2.24899E+02
 2.24862E+02
 2.24825E+02
 2.24788E+02
 2.24751E+02
 2.24714E+02
 2.24677E+02
 2.24640E+02
 2.24603E+02
 2.24566E+02
 2.24529E+02
 2.24492E+02
 2.24454E+02
 2.24417E+02
 2.24380E+02
 2.24342E+02
 2.24305E+02
 2.24268E+02
 2.24230E+02
 2.24193E+02
 2.24155E+02
 2.24117E+02
 2.24080E+02
 2.24042E+02
 2.24004E+02
 2.23967E+02
 2.23929E+02
 2.23891E+02
 2.23853E+02
 2.23815E+02
 2.23777E+02
 2.23740E+02
 2.23702E+02
 2.23664E+02
 2.23626E+02
 2.23587E+02
 2.23549E+02
 2.23511E+02
 2.23473E+02
 2.23435E+02
 2.23397E+02
 2.23358E+02
 2.23320E+02
 2.23282E+02
 2.23243E+02
 2.23205E+02
 2.23167E+02
 2.23128E+02
 2.23090E+02
 2.23051E+02
 2.23013E+02
 2.22974E+02
 2.22936E+02
 2.22897E+02
 2.22859E+02
 2.22820E+02
 2.22781E+02
 2.22742E+02
 2.22704E+02
 2.22665E+02
 2.22626E+02
 2.22587E+02
 2.22548E+02
 2.22510E+02
 2.22471E+02
 2.22432E+02
 2.22393E+02
 2.22354E+02
 2.22315E+02
 2.22276E+02
 2.22237E+02
 2.22198E+02
 2.22159E+02
 2.22120E+02
 2.22080E+02
 2.22041E+02
 2.22002E+02
 2.21963E+02
 2.21924E+02
 2.21884E+02
 2.21845E+02
 2.21806E+02
 2.21767E+02
 2.21727E+02
 2.21688E+02
 2.21649E+02
 2.21609E+02
 2.21570E+02
 2.21530E+02
 2.21491E+02
 2.21451E+02
 2.21412E+02
 2.21372E+02
 2.21333E+02
 2.21293E+02
 2.21254E+02
 2.21214E+02
 2.21175E+02
 2.21135E+02
 2.21095E+02
 2.21056E+02
 2.21016E+02
 2.20976E+02
 2.20937E+02
 2.20897E+02
 2.20857E+02
 2.20817E+02
 2.20778E+02
 2.20738E+02
 2.20698E+02
 2.20658E+02
 2.20618E+02
 2.20579E+02
 2.20539E+02
 2.20499E+02
 2.20459E+02
 2.20419E+02
 2.20379E+02
 2.20339E+02
 2.20299E+02
 2.20259E+02
 2.20219E+02
 2.20179E+02
 2.20139E+02
 2.20099E+02
 2.20059E+02
 2.20019E+02
 2.19979E+02
 2.19939E+02
 2.19899E+02
 2.19859E+02
 2.19819E+02
 2.19779E+02
 2.19739E+02
 2.19699E+02
 2.19659E+02
 2.19619E+02
 2.19578E+02
 2.19538E+02
 2.19498E+02
 2.19458E+02
 2.19418E+02
 2.19378E+02
 2.19337E+02
 2.19297E+02
 2.19257E+02
 2.19217E+02
 2.19177E+02
 2.19136E+02
 2.19096E+02
 2.19056E+02
 2.19016E+02
 2.18975E+02
 2.18935E+02
 2.18895E+02
 2.18855E+02
 2.18814E+02
 2.18774E+02
 2.18734E+02
 2.18694E+02
 2.18653E+02
 2.18613E+02
 2.18573E+02
 2.18532E+02
 2.18492E+02
 2.18452E+02
 2.18411E+02
 2.18371E+02
 2.18331E+02
 2.18290E+02
 2.18250E+02
 2.18210E+02
 2.18169E+02
 2.18129E+02
 2.18089E+02
 2.18048E+02
 2.18008E+02
 2.17968E+02
 2.17927E+02
 2.17887E+02
 2.17847E+02
 2.17806E+02
 2.17766E+02
 2.17726E+02
 2.17685E+02
 2.17645E+02
 2.17604E+02
 2.17564E+02
 2.17524E+02
 2.17483E+02
 2.17443E+02
 2.17403E+02
 2.17362E+02
 2.17322E+02
 2.17282E+02
 2.17241E+02
 2.17201E+02
 2.17161E+02
 2.17120E+02
 2.17080E+02
 2.17040E+02
 2.16999E+02
 2.16959E+02
 2.16919E+02
 2.16878E+02
 2.16838E+02
 2.16798E+02
 2.16758E+02
 2.16717E+02
 2.16677E+02
 2.16637E+02
 2.16596E+02
 2.16556E+02
 2.16516E+02
 2.16476E+02
 2.16435E+02
 2.16395E+02
 2.16355E+02
 2.16315E+02
 2.16274E+02
 2.16234E+02
 2.16194E+02
 2.16154E+02
 2.16113E+02
 2.16073E+02
 2.16033E+02
 2.15993E+02
 2.15953E+02
 2.15912E+02
 2.15872E+02
 2.15832E+02
 2.15792E+02
 2.15752E+02
 2.15712E+02
 2.15672E+02
 2.15631E+02
 2.15591E+02
 2.15551E+02
 2.15511E+02
 2.15471E+02
 2.15431E+02
 2.15391E+02
 2.15351E+02
 2.15311E+02
 2.15271E+02
 2.15231E+02
 2.15191E+02
 2.15151E+02
 2.15111E+02
 2.15071E+02
 2.15031E+02
 2.14991E+02
 2.14951E+02
 2.14911E+02
 2.14871E+02
 2.14831E+02
 2.14791E+02
 2.14752E+02
 2.14712E+02
 2.14672E+02
 2.14632E+02
 2.14592E+02
 2.14552E+02
 2.14513E+02
 2.14473E+02
 2.14433E+02
 2.14393E+02
 2.14354E+02
 2.14314E+02
 2.14274E+02
 2.14234E+02
 2.14195E+02
 2.14155E+02
 2.14115E+02
 2.14076E+02
 2.14036E+02
 2.13997E+02
 2.13957E+02
 2.13917E+02
 2.13878E+02
 2.13838E+02
 2.13799E+02
 2.13759E+02
 2.13720E+02
 2.13680E+02
 2.13641E+02
 2.13601E+02
 2.13562E+02
 2.13522E+02
 2.13483E+02
 2.13444E+02
 2.13404E+02
 2.13365E+02
 2.13326E+02
 2.13286E+02
 2.13247E+02
 2.13208E+02
 2.13169E+02
 2.13129E+02
 2.13090E+02
 2.13051E+02
 2.13012E+02
 2.12973E+02
 2.12934E+02
 2.12894E+02
 2.12855E+02
 2.12816E+02
 2.12777E+02
 2.12738E+02
 2.12699E+02
 2.12660E+02
 2.12621E+02
 2.12582E+02
 2.12543E+02
 2.12505E+02
 2.12466E+02
 2.12427E+02
 2.12388E+02
 2.12349E+02
 2.12310E+02
 2.12272E+02
 2.12233E+02
 2.12194E+02
 2.12155E+02
 2.12117E+02
 2.12078E+02
 2.12039E+02
 2.12001E+02
 2.11962E+02
 2.11924E+02
 2.11885E+02
 2.11846E+02
 2.11808E+02
 2.11769E+02
 2.11731E+02
 2.11693E+02
 2.11654E+02
 2.11616E+02
 2.11577E+02
 2.11539E+02
 2.11501E+02
 2.11462E+02
 2.11424E+02
 2.11386E+02
 2.11348E+02
 2.11310E+02
 2.11271E+02
 2.11233E+02
 2.11195E+02
 2.11157E+02
 2.11119E+02
 2.11081E+02
 2.11043E+02
 2.11005E+02
 2.10967E+02
 2.10929E+02
 2.10891E+02
 2.10853E+02
 2.10815E+02
 2.10778E+02
 2.10740E+02
 2.10702E+02
 2.10664E+02
 2.10627E+02
 2.10589E+02
 2.10551E+02
 2.10514E+02
 2.10476E+02
 2.10438E+02
 2.10401E+02
 2.10363E+02
 2.10326E+02
 2.10288E+02
 2.10251E+02
 2.10214E+02
 2.10176E+02
 2.10139E+02
 2.10101E+02
 2.10064E+02
 2.10027E+02
 2.09990E+02
 2.09952E+02
 2.09915E+02
 2.09878E+02
 2.09841E+02
 2.09804E+02
 2.09767E+02
 2.09730E+02
 2.09693E+02
 2.09656E+02
 2.09619E+02
 2.09582E+02
 2.09545E+02
 2.09508E+02
 2.09472E+02
 2.09435E+02
 2.09398E+02
 2.09361E+02
 2.09325E+02
 2.09288E+02
 2.09251E+02
 2.09215E+02
 2.09178E+02
 2.09142E+02
 2.09105E+02
 2.09069E+02
 2.09032E+02
 2.08996E+02
 2.08960E+02
 2.08923E+02
 2.08887E+02
 2.08851E+02
 2.08814E+02
 2.08778E+02
 2.08742E+02
 2.08706E+02
 2.08670E+02
 2.08634E+02
 2.08598E+02
 2.08562E+02
 2.08526E+02
 2.08490E+02
 2.08454E+02
 2.08418E+02
 2.08382E+02
 2.08346E+02
 2.08311E+02
 2.08275E+02
 2.08239E+02
 2.08203E+02
 2.08168E+02
 2.08132E+02
 2.08097E+02
 2.08061E+02
 2.08026E+02
 2.07990E+02
 2.07955E+02
 2.07919E+02
 2.07884E+02
 2.07849E+02
 2.07813E+02
 2.07778E+02
 2.07743E+02
 2.07708E+02
 2.07673E+02
 2.07638E+02
 2.07603E+02
 2.07568E+02
 2.07533E+02
 2.07498E+02
 2.07463E+02
 2.07428E+02
 2.07393E+02
 2.07358E+02
 2.07323E+02
 2.07289E+02
 2.07254E+02
 2.07219E+02
 2.07185E+02
 2.07150E+02
 2.07115E+02
 2.07081E+02
 2.07046E+02
 2.07012E+02
 2.06978E+02
 2.06943E+02
 2.06909E+02
 2.06875E+02
 2.06840E+02
 2.06806E+02
 2.06772E+02
 2.06738E+02
 2.06704E+02
 2.06670E+02
 2.06636E+02
 2.06602E+02
 2.06568E+02
 2.06534E+02
 2.06500E+02
 2.06466E+02
 2.06432E+02
 2.06399E+02
 2.06365E+02
 2.06331E+02
 2.06298E+02
 2.06264E+02
 2.06230E+02
 2.06197E+02
 2.06163E+02
 2.06130E+02
 2.06097E+02
 2.06063E+02
 2.06030E+02
 2.05997E+02
 2.05963E+02
 2.05930E+02
 2.05897E+02
 2.05864E+02
 2.05831E+02
 2.05798E+02
 2.05765E+02
 2.05732E+02
 2.05699E+02
 2.05666E+02
 2.05633E+02
 2.05600E+02
 2.05568E+02
 2.05535E+02
 2.05502E+02
 2.05470E+02
 2.05437E+02
 2.05405E+02
 2.05372E+02
 2.05340E+02
 2.05307E+02
 2.05275E+02
 2.05242E+02
 2.05210E+02
 2.05178E+02
 2.05146E+02
 2.05113E+02
 2.05081E+02
 2.05049E+02
 2.05017E+02
 2.04985E+02
 2.04953E+02
 2.04921E+02
 2.04889E+02
 2.04858E+02
 2.04826E+02
 2.04794E+02
 2.04762E+02
 2.04731E+02
 2.04699E+02
 2.04667E+02
 2.04636E+02
 2.04604E+02
 2.04573E+02
 2.04541E+02
 2.04510E+02
 2.04479E+02
 2.04447E+02
 2.04416E+02
 2.04385E+02
 2.04354E+02
 2.04323E+02
 2.04292E+02
 2.04261E+02
 2.04230E+02
 2.04199E+02
 2.04168E+02
 2.04137E+02
 2.04106E+02
 2.04075E+02
 2.04045E+02
 2.04014E+02
 2.03983E+02
 2.03953E+02
 2.03922E+02
 2.03892E+02
 2.03861E+02
 2.03831E+02
 2.03800E+02
 2.03770E+02
 2.03740E+02
 2.03710E+02
 2.03679E+02
 2.03649E+02
 2.03619E+02
 2.03589E+02
 2.03559E+02
 2.03529E+02
 2.03499E+02
 2.03469E+02
 2.03439E+02
 2.03410E+02
 2.03380E+02
 2.03350E+02
 2.03321E+02
 2.03291E+02
 2.03261E+02
 2.03232E+02
 2.03202E+02
 2.03173E+02
 2.03144E+02
 2.03114E+02
 2.03085E+02
 2.03056E+02
 2.03026E+02
 2.02997E+02
 2.02968E+02
 2.02939E+02
 2.02910E+02
 2.02881E+02
 2.02852E+02
 2.02823E+02
 2.02794E+02
 2.02766E+02
 2.02737E+02
 2.02708E+02
 2.02680E+02
 2.02651E+02
 2.02622E+02
 2.02594E+02
 2.02565E+02
 2.02537E+02
 2.02509E+02
 2.02480E+02
 2.02452E+02
 2.02424E+02
 2.02395E+02
 2.02367E+02
 2.02339E+02
 2.02311E+02
 2.02283E+02
 2.02255E+02
 2.02227E+02
 2.02199E+02
 2.02172E+02
 2.02144E+02
 2.02116E+02
 2.02088E+02
 2.02061E+02
 2.02033E+02
 2.02006E+02
 2.01978E+02
 2.01951E+02
 2.01923E+02
 2.01896E+02
 2.01869E+02
 2.01841E+02
 2.01814E+02
 2.01787E+02
 2.01760E+02
 2.01733E+02
 2.01706E+02
 2.01679E+02
 2.01652E+02
 2.01625E+02
 2.01598E+02
 2.01571E+02
 2.01544E+02
 2.01518E+02
 2.01491E+02
 2.01464E+02
 2.01438E+02
 2.01411E+02
 2.01385E+02
 2.01359E+02
 2.01332E+02
 2.01306E+02
 2.01280E+02
 2.01253E+02
 2.01227E+02
 2.01201E+02
 2.01175E+02
 2.01149E+02
 2.01123E+02
 2.01097E+02
 2.01071E+02
 2.01045E+02
 2.01019E+02
 2.00994E+02
 2.00968E+02
 2.00942E+02
 2.00917E+02
 2.00891E+02
 2.00866E+02
 2.00840E+02
 2.00815E+02
 2.00789E+02
 2.00764E+02
 2.00739E+02
 2.00714E+02
 2.00688E+02
 2.00663E+02
 2.00638E+02
 2.00613E+02
 2.00588E+02
 2.00563E+02
 2.00538E+02
 2.00513E+02
 2.00489E+02
 2.00464E+02
 2.00439E+02
 2.00415E+02
 2.00390E+02
 2.00365E+02
 2.00341E+02
 2.00316E+02
 2.00292E+02
 2.00268E+02
 2.00243E+02
 2.00219E+02
 2.00195E+02
 2.00171E+02
 2.00147E+02
 2.00123E+02
 2.00099E+02
 2.00075E+02
 2.00051E+02
 2.00027E+02
 2.00003E+02
 1.99979E+02
 1.99955E+02
 1.99932E+02
 1.99908E+02
 1.99885E+02
 1.99861E+02
 1.99838E+02
 1.99814E+02
 1.99791E+02
 1.99767E+02
 1.99744E+02
 1.99721E+02
 1.99698E+02
 1.99675E+02
 1.99651E+02
 1.99628E+02
 1.99605E+02
 1.99582E+02
 1.99560E+02
 1.99537E+02
 1.99514E+02
 1.99491E+02
 1.99468E+02
 1.99446E+02
 1.99423E+02
 1.99401E+02
 1.99378E+02
 1.99356E+02
 1.99333E+02
 1.99311E+02
 1.99288E+02
 1.99266E+02
 1.99244E+02
 1.99222E+02
 1.99200E+02
 1.99178E+02
 1.99156E+02
 1.99134E+02
 1.99112E+02
 1.99090E+02
 1.99068E+02
 1.99046E+02
 1.99024E+02
 1.99003E+02
 1.98981E+02
 1.98960E+02
 1.98938E+02
 1.98916E+02
 1.98895E+02
 1.98874E+02
 1.98852E+02
 1.98831E+02
 1.98810E+02
 1.98789E+02
 1.98767E+02
 1.98746E+02
 1.98725E+02
 1.98704E+02
 1.98683E+02
 1.98662E+02
 1.98642E+02
 1.98621E+02
 1.98600E+02
 1.98579E+02
 1.98559E+02
 1.98538E+02
 1.98517E+02
 1.98497E+02
 1.98476E+02
 1.98456E+02
 1.98436E+02
 1.98415E+02
 1.98395E+02
 1.98375E+02
 1.98355E+02
 1.98335E+02
 1.98314E+02
 1.98294E+02
 1.98274E+02
 1.98255E+02
 1.98235E+02
 1.98215E+02
 1.98195E+02
 1.98175E+02
 1.98156E+02
 1.98136E+02
 1.98116E+02
 1.98097E+02
 1.98077E+02
 1.98058E+02
 1.98038E+02
 1.98019E+02
 1.98000E+02
 1.97981E+02
 1.97961E+02
 1.97942E+02
 1.97923E+02
 1.97904E+02
 1.97885E+02
 1.97866E+02
 1.97847E+02
 1.97828E+02
 1.97810E+02
 1.97791E+02
 1.97772E+02
 1.97753E+02
 1.97735E+02
 1.97716E+02
 1.97698E+02
 1.97679E+02
 1.97661E+02
 1.97642E+02
 1.97624E+02
 1.97606E+02
 1.97588E+02
 1.97569E+02
 1.97551E+02
 1.97533E+02
 1.97515E+02
 1.97497E+02
 1.97479E+02
 1.97461E+02
 1.97443E+02
 1.97426E+02
 1.97408E+02
 1.97390E+02
 1.97372E+02
 1.97355E+02
 1.97337E+02
 1.97320E+02
 1.97302E+02
 1.97285E+02
 1.97268E+02
 1.97250E+02
 1.97233E+02
 1.97216E+02
 1.97199E+02
 1.97181E+02
 1.97164E+02
 1.97147E+02
 1.97130E+02
 1.97113E+02
 1.97097E+02
 1.97080E+02
 1.97063E+02
 1.97046E+02
 1.97029E+02
 1.97013E+02
 1.96996E+02
 1.96980E+02
 1.96963E+02
 1.96947E+02
 1.96930E+02
 1.96914E+02
 1.96898E+02
 1.96881E+02
 1.96865E+02
 1.96849E+02
 1.96833E+02
 1.96817E+02
 1.96801E+02
 1.96785E+02
 1.96769E+02
 1.96753E+02
 1.96737E+02
 1.96721E+02
 1.96706E+02
 1.96690E+02
 1.96674E+02
 1.96659E+02
 1.96643E+02
 1.96627E+02
 1.96612E+02
 1.96597E+02
 1.96581E+02
 1.96566E+02
 1.96551E+02
 1.96535E+02
 1.96520E+02
 1.96505E+02
 1.96490E+02
 1.96475E+02
 1.96460E+02
 1.96445E+02
 1.96430E+02
 1.96415E+02
 1.96400E+02
 1.96386E+02
 1.96371E+02
 1.96356E+02
 1.96342E+02
 1.96327E+02
 1.96313E+02
 1.96298E+02
 1.96284E+02
 1.96269E+02
 1.96255E+02
 1.96241E+02
 1.96226E+02
 1.96212E+02
 1.96198E+02
 1.96184E+02
 1.96170E+02
 1.96156E+02
 1.96142E+02
 1.96128E+02
 1.96114E+02
 1.96100E+02
 1.96087E+02
 1.96073E+02
 1.96059E+02
 1.96045E+02
 1.96032E+02
 1.96018E+02
 1.96005E+02
 1.95991E+02
 1.95978E+02
 1.95965E+02
 1.95951E+02
 1.95938E+02
 1.95925E+02
 1.95912E+02
 1.95898E+02
 1.95885E+02
 1.95872E+02
 1.95859E+02
 1.95846E+02
 1.95833E+02
 1.95821E+02
 1.95808E+02
 1.95795E+02
 1.95782E+02
 1.95770E+02
 1.95757E+02
 1.95744E+02
 1.95732E+02
 1.95719E+02
 1.95707E+02
 1.95694E+02
 1.95682E+02
 1.95670E+02
 1.95657E+02
 1.95645E+02
 1.95633E+02
 1.95621E+02
 1.95609E+02
 1.95597E+02
 1.95585E+02
 1.95573E+02
 1.95561E+02
 1.95549E+02
 1.95537E+02
 1.95525E+02
 1.95514E+02
 1.95502E+02
 1.95490E+02
 1.95479E+02
 1.95467E+02
 1.95456E+02
 1.95444E+02
 1.95433E+02
 1.95421E+02
 1.95410E+02
 1.95399E+02
 1.95388E+02
 1.95376E+02
 1.95365E+02
