 2.00000E+01
 2.00000E+01
 2.00000E+01
 2.00000E+01
 2.00000E+01
 2.00000E+01
 2.00000E+01
 2.00000E+01
 2.00030E+01
 2.00091E+01
 2.00156E+01
 2.00224E+01
 2.00296E+01
 2.00371E+01
 2.00450E+01
 2.00533E+01
 2.00619E+01
 2.00708E+01
 2.00801E+01
 2.00898E+01
 2.00998E+01
 2.01102E+01
 2.01209E+01
 2.01320E+01
 2.01434E+01
 2.01551E+01
 2.01672E+01
 2.01797E+01
 2.01925E+01
 2.02056E+01
 2.02191E+01
 2.02329E+01
 2.02471E+01
 2.02616E+01
 2.02765E+01
 2.02916E+01
 2.03072E+01
 2.03230E+01
 2.03392E+01
 2.03558E+01
 2.03726E+01
 2.03899E+01
 2.04074E+01
 2.04253E+01
 2.04435E+01
 2.04620E+01
 2.04809E+01
 2.05001E+01
 2.05196E+01
 2.05395E+01
 2.05597E+01
 2.05802E+01
 2.06010E+01
 2.06222E+01
 2.06437E+01
 2.06655E+01
 2.06876E+01
 2.07101E+01
 2.07329E+01
 2.07560E+01
 2.07794E+01
 2.08032E+01
 2.08272E+01
 2.08516E+01
 2.08763E+01
 2.09013E+01
 2.09267E+01
 2.09523E+01
 2.09783E+01
 2.10046E+01
 2.10311E+01
 2.10580E+01
 2.10853E+01
 2.11128E+01
 2.11406E+01
 2.11688E+01
 2.11972E+01
 2.12260E+01
 2.12550E+01
 2.12844E+01
 2.13141E+01
 2.13440E+01
 2.13743E+01
 2.14049E+01
 2.14358E+01
 2.14670E+01
 2.14985E+01
 2.15303E+01
 2.15624E+01
 2.15948E+01
 2.16274E+01
 2.16604E+01
 2.16937E+01
 2.17273E+01
 2.17612E+01
 2.17953E+01
 2.18298E+01
 2.18645E+01
 2.18996E+01
 2.19349E+01
 2.19705E+01
 2.20064E+01
 2.20426E+01
 2.20791E+01
 2.21159E+01
 2.21529E+01
 2.21903E+01
 2.22279E+01
 2.22658E+01
 2.23040E+01
 2.23425E+01
 2.23813E+01
 2.24203E+01
 2.24596E+01
 2.24992E+01
 2.25391E+01
 2.25793E+01
 2.26197E+01
 2.26604E+01
 2.27014E+01
 2.27427E+01
 2.27842E+01
 2.28260E+01
 2.28681E+01
 2.29105E+01
 2.29531E+01
 2.29960E+01
 2.30392E+01
 2.30826E+01
 2.31263E+01
 2.31703E+01
 2.32145E+01
 2.32590E+01
 2.33038E+01
 2.33489E+01
 2.33942E+01
 2.34397E+01
 2.34855E+01
 2.35316E+01
 2.35780E+01
 2.36246E+01
 2.36715E+01
 2.37186E+01
 2.37660E+01
 2.38136E+01
 2.38615E+01
 2.39097E+01
 2.39581E+01
 2.40067E+01
 2.40556E+01
 2.41048E+01
 2.41542E+01
 2.42039E+01
 2.42538E+01
 2.43040E+01
 2.43544E+01
 2.44051E+01
 2.44560E+01
 2.45072E+01
 2.45586E+01
 2.46102E+01
 2.46621E+01
 2.47142E+01
 2.47666E+01
 2.48193E+01
 2.48721E+01
 2.49252E+01
 2.49786E+01
 2.50322E+01
 2.50860E+01
 2.51401E+01
 2.51944E+01
 2.52489E+01
 2.53037E+01
 2.53587E+01
 2.54139E+01
 2.54694E+01
 2.55251E+01
 2.55811E+01
 2.56372E+01
 2.56936E+01
 2.57503E+01
 2.58071E+01
 2.58642E+01
 2.59215E+01
 2.59791E+01
 2.60369E+01
 2.60949E+01
 2.61531E+01
 2.62115E+01
 2.62702E+01
 2.63291E+01
 2.63882E+01
 2.64475E+01
 2.65071E+01
 2.65668E+01
 2.66268E+01
 2.66870E+01
 2.67475E+01
 2.68081E+01
 2.68690E+01
 2.69301E+01
 2.69913E+01
 2.70529E+01
 2.71146E+01
 2.71765E+01
 2.72386E+01
 2.73010E+01
 2.73636E+01
 2.74263E+01
 2.74893E+01
 2.75525E+01
 2.76159E+01
 2.76795E+01
 2.77433E+01
 2.78073E+01
 2.78715E+01
 2.79360E+01
 2.80006E+01
 2.80654E+01
 2.81304E+01
 2.81957E+01
 2.82611E+01
 2.83267E+01
 2.83926E+01
 2.84586E+01
 2.85248E+01
 2.85912E+01
 2.86579E+01
 2.87247E+01
 2.87917E+01
 2.88589E+01
 2.89263E+01
 2.89939E+01
 2.90616E+01
 2.91296E+01
 2.91978E+01
 2.92661E+01
 2.93346E+01
 2.94034E+01
 2.94723E+01
 2.95414E+01
 2.96107E+01
 2.96802E+01
 2.97498E+01
 2.98196E+01
 2.98897E+01
 2.99599E+01
 3.00303E+01
 3.01008E+01
 3.01716E+01
 3.02425E+01
 3.03136E+01
 3.03849E+01
 3.04564E+01
 3.05280E+01
 3.05998E+01
 3.06718E+01
 3.07440E+01
 3.08164E+01
 3.08889E+01
 3.09616E+01
 3.10344E+01
 3.11075E+01
 3.11807E+01
 3.12540E+01
 3.13276E+01
 3.14013E+01
 3.14752E+01
 3.15492E+01
 3.16234E+01
 3.16978E+01
 3.17724E+01
 3.18471E+01
 3.19220E+01
 3.19970E+01
 3.20722E+01
 3.21476E+01
 3.22231E+01
 3.22988E+01
 3.23746E+01
 3.24506E+01
 3.25268E+01
 3.26031E+01
 3.26796E+01
 3.27562E+01
 3.28330E+01
 3.29100E+01
 3.29871E+01
 3.30643E+01
 3.31417E+01
 3.32193E+01
 3.32970E+01
 3.33749E+01
 3.34529E+01
 3.35311E+01
 3.36094E+01
 3.36878E+01
 3.37664E+01
 3.38452E+01
 3.39241E+01
 3.40032E+01
 3.40823E+01
 3.41617E+01
 3.42412E+01
 3.43208E+01
 3.44006E+01
 3.44805E+01
 3.45605E+01
 3.46407E+01
 3.47210E+01
 3.48015E+01
 3.48821E+01
 3.49629E+01
 3.50438E+01
 3.51248E+01
 3.52059E+01
 3.52872E+01
 3.53686E+01
 3.54502E+01
 3.55319E+01
 3.56137E+01
 3.56957E+01
 3.57778E+01
 3.58600E+01
 3.59424E+01
 3.60248E+01
 3.61075E+01
 3.61902E+01
 3.62731E+01
 3.63561E+01
 3.64392E+01
 3.65224E+01
 3.66058E+01
 3.66893E+01
 3.67729E+01
 3.68566E+01
 3.69405E+01
 3.70245E+01
 3.71086E+01
 3.71928E+01
 3.72772E+01
 3.73616E+01
 3.74462E+01
 3.75309E+01
 3.76157E+01
 3.77007E+01
 3.77857E+01
 3.78709E+01
 3.79562E+01
 3.80416E+01
 3.81271E+01
 3.82127E+01
 3.82984E+01
 3.83843E+01
 3.84703E+01
 3.85563E+01
 3.86425E+01
 3.87288E+01
 3.88152E+01
 3.89017E+01
 3.89883E+01
 3.90750E+01
 3.91618E+01
 3.92488E+01
 3.93358E+01
 3.94229E+01
 3.95102E+01
 3.95975E+01
 3.96850E+01
 3.97725E+01
 3.98602E+01
 3.99479E+01
 4.00358E+01
 4.01237E+01
 4.02118E+01
 4.02999E+01
 4.03882E+01
 4.04765E+01
 4.05650E+01
 4.06535E+01
 4.07421E+01
 4.08308E+01
 4.09197E+01
 4.10086E+01
 4.10976E+01
 4.11867E+01
 4.12759E+01
 4.13651E+01
 4.14545E+01
 4.15440E+01
 4.16335E+01
 4.17231E+01
 4.18129E+01
 4.19027E+01
 4.19926E+01
 4.20826E+01
 4.21726E+01
 4.22628E+01
 4.23530E+01
 4.24433E+01
 4.25337E+01
 4.26242E+01
 4.27148E+01
 4.28054E+01
 4.28962E+01
 4.29870E+01
 4.30779E+01
 4.31688E+01
 4.32599E+01
 4.33510E+01
 4.34422E+01
 4.35335E+01
 4.36249E+01
 4.37163E+01
 4.38078E+01
 4.38994E+01
 4.39910E+01
 4.40827E+01
 4.41745E+01
 4.42664E+01
 4.43584E+01
 4.44504E+01
 4.45425E+01
 4.46346E+01
 4.47268E+01
 4.48191E+01
 4.49115E+01
 4.50039E+01
 4.50964E+01
 4.51890E+01
 4.52816E+01
 4.53743E+01
 4.54670E+01
 4.55599E+01
 4.56528E+01
 4.57457E+01
 4.58387E+01
 4.59318E+01
 4.60249E+01
 4.61181E+01
 4.62114E+01
 4.63047E+01
 4.63981E+01
 4.64915E+01
 4.65850E+01
 4.66785E+01
 4.67721E+01
 4.68658E+01
 4.69595E+01
 4.70533E+01
 4.71471E+01
 4.72410E+01
 4.73349E+01
 4.74289E+01
 4.75230E+01
 4.76170E+01
 4.77112E+01
 4.78054E+01
 4.78996E+01
 4.79939E+01
 4.80883E+01
 4.81827E+01
 4.82771E+01
 4.83716E+01
 4.84661E+01
 4.85607E+01
 4.86553E+01
 4.87500E+01
 4.88447E+01
 4.89395E+01
 4.90343E+01
 4.91291E+01
 4.92240E+01
 4.93190E+01
 4.94140E+01
 4.95090E+01
 4.96040E+01
 4.96991E+01
 4.97943E+01
 4.98895E+01
 4.99847E+01
 5.00799E+01
 5.01752E+01
 5.02706E+01
 5.03659E+01
 5.04613E+01
 5.05568E+01
 5.06522E+01
 5.07477E+01
 5.08433E+01
 5.09389E+01
 5.10345E+01
 5.11301E+01
 5.12258E+01
 5.13215E+01
 5.14172E+01
 5.15130E+01
 5.16088E+01
 5.17046E+01
 5.18005E+01
 5.18964E+01
 5.19923E+01
 5.20882E+01
 5.21842E+01
 5.22802E+01
 5.23762E+01
 5.24722E+01
 5.25683E+01
 5.26644E+01
 5.27605E+01
 5.28567E+01
 5.29528E+01
 5.30490E+01
 5.31452E+01
 5.32415E+01
 5.33377E+01
 5.34340E+01
 5.35303E+01
 5.36266E+01
 5.37229E+01
 5.38193E+01
 5.39156E+01
 5.40120E+01
 5.41084E+01
 5.42048E+01
 5.43013E+01
 5.43977E+01
 5.44942E+01
 5.45907E+01
 5.46872E+01
 5.47837E+01
 5.48802E+01
 5.49767E+01
 5.50733E+01
 5.51698E+01
 5.52664E+01
 5.53630E+01
 5.54596E+01
 5.55562E+01
 5.56528E+01
 5.57494E+01
 5.58460E+01
 5.59427E+01
 5.60393E+01
 5.61360E+01
 5.62326E+01
 5.63293E+01
 5.64260E+01
 5.65227E+01
 5.66193E+01
 5.67160E+01
 5.68127E+01
 5.69094E+01
 5.70061E+01
 5.71028E+01
 5.71995E+01
 5.72962E+01
 5.73929E+01
 5.74896E+01
 5.75863E+01
 5.76830E+01
 5.77797E+01
 5.78764E+01
 5.79731E+01
 5.80698E+01
 5.81665E+01
 5.82632E+01
 5.83599E+01
 5.84566E+01
 5.85533E+01
 5.86500E+01
 5.87466E+01
 5.88433E+01
 5.89400E+01
 5.90366E+01
 5.91333E+01
 5.92299E+01
 5.93266E+01
 5.94232E+01
 5.95198E+01
 5.96164E+01
 5.97130E+01
 5.98096E+01
 5.99062E+01
 6.00028E+01
 6.00993E+01
 6.01959E+01
 6.02924E+01
 6.03889E+01
 6.04854E+01
 6.05819E+01
 6.06784E+01
 6.07749E+01
 6.08713E+01
 6.09678E+01
 6.10642E+01
 6.11606E+01
 6.12570E+01
 6.13534E+01
 6.14498E+01
 6.15461E+01
 6.16424E+01
 6.17387E+01
 6.18350E+01
 6.19313E+01
 6.20275E+01
 6.21238E+01
 6.22200E+01
 6.23162E+01
 6.24123E+01
 6.25085E+01
 6.26046E+01
 6.27007E+01
 6.27968E+01
 6.28929E+01
 6.29889E+01
 6.30849E+01
 6.31809E+01
 6.32769E+01
 6.33728E+01
 6.34687E+01
 6.35646E+01
 6.36605E+01
 6.37563E+01
 6.38521E+01
 6.39479E+01
 6.40436E+01
 6.41394E+01
 6.42351E+01
 6.43307E+01
 6.44264E+01
 6.45220E+01
 6.46176E+01
 6.47131E+01
 6.48086E+01
 6.49041E+01
 6.49996E+01
 6.50950E+01
 6.51904E+01
 6.52857E+01
 6.53811E+01
 6.54763E+01
 6.55716E+01
 6.56668E+01
 6.57620E+01
 6.58572E+01
 6.59523E+01
 6.60474E+01
 6.61424E+01
 6.62374E+01
 6.63324E+01
 6.64273E+01
 6.65222E+01
 6.66171E+01
 6.67119E+01
 6.68067E+01
 6.69015E+01
 6.69962E+01
 6.70908E+01
 6.71854E+01
 6.72800E+01
 6.73746E+01
 6.74691E+01
 6.75635E+01
 6.76580E+01
 6.77523E+01
 6.78467E+01
 6.79410E+01
 6.80352E+01
 6.81294E+01
 6.82236E+01
 6.83177E+01
 6.84118E+01
 6.85058E+01
 6.85998E+01
 6.86937E+01
 6.87876E+01
 6.88815E+01
 6.89753E+01
 6.90690E+01
 6.91628E+01
 6.92564E+01
 6.93500E+01
 6.94436E+01
 6.95371E+01
 6.96306E+01
 6.97240E+01
 6.98173E+01
 6.99106E+01
 7.00039E+01
 7.00971E+01
 7.01903E+01
 7.02834E+01
 7.03764E+01
 7.04695E+01
 7.05624E+01
 7.06553E+01
 7.07482E+01
 7.08410E+01
 7.09337E+01
 7.10264E+01
 7.11190E+01
 7.12116E+01
 7.13041E+01
 7.13966E+01
 7.14890E+01
 7.15814E+01
 7.16737E+01
 7.17659E+01
 7.18581E+01
 7.19503E+01
 7.20423E+01
 7.21343E+01
 7.22263E+01
 7.23182E+01
 7.24100E+01
 7.25018E+01
 7.25936E+01
 7.26852E+01
 7.27768E+01
 7.28683E+01
 7.29598E+01
 7.30512E+01
 7.31426E+01
 7.32339E+01
 7.33251E+01
 7.34163E+01
 7.35074E+01
 7.35984E+01
 7.36894E+01
 7.37804E+01
 7.38712E+01
 7.39620E+01
 7.40528E+01
 7.41434E+01
 7.42340E+01
 7.43246E+01
 7.44151E+01
 7.45055E+01
 7.45958E+01
 7.46861E+01
 7.47763E+01
 7.48665E+01
 7.49565E+01
 7.50465E+01
 7.51365E+01
 7.52264E+01
 7.53162E+01
 7.54059E+01
 7.54956E+01
 7.55852E+01
 7.56747E+01
 7.57642E+01
 7.58536E+01
 7.59429E+01
 7.60322E+01
 7.61213E+01
 7.62105E+01
 7.62995E+01
 7.63885E+01
 7.64774E+01
 7.65662E+01
 7.66550E+01
 7.67436E+01
 7.68323E+01
 7.69208E+01
 7.70093E+01
 7.70976E+01
 7.71860E+01
 7.72742E+01
 7.73624E+01
 7.74505E+01
 7.75385E+01
 7.76264E+01
 7.77143E+01
 7.78021E+01
 7.78898E+01
 7.79775E+01
 7.80650E+01
 7.81525E+01
 7.82399E+01
 7.83272E+01
 7.84145E+01
 7.85017E+01
 7.85888E+01
 7.86758E+01
 7.87628E+01
 7.88496E+01
 7.89364E+01
 7.90231E+01
 7.91098E+01
 7.91963E+01
 7.92828E+01
 7.93692E+01
 7.94555E+01
 7.95418E+01
 7.96279E+01
 7.97140E+01
 7.98000E+01
 7.98859E+01
 7.99717E+01
 8.00575E+01
 8.01431E+01
 8.02287E+01
 8.03142E+01
 8.03996E+01
 8.04850E+01
 8.05702E+01
 8.06554E+01
 8.07405E+01
 8.08255E+01
 8.09104E+01
 8.09952E+01
 8.10800E+01
 8.11646E+01
 8.12492E+01
 8.13337E+01
 8.14181E+01
 8.15024E+01
 8.15867E+01
 8.16708E+01
 8.17549E+01
 8.18389E+01
 8.19228E+01
 8.20066E+01
 8.20903E+01
 8.21739E+01
 8.22575E+01
 8.23409E+01
 8.24243E+01
 8.25076E+01
 8.25908E+01
 8.26739E+01
 8.27569E+01
 8.28398E+01
 8.29226E+01
 8.30054E+01
 8.30880E+01
 8.31706E+01
 8.32531E+01
 8.33355E+01
 8.34178E+01
 8.35000E+01
 8.35821E+01
 8.36641E+01
 8.37460E+01
 8.38279E+01
 8.39096E+01
 8.39913E+01
 8.40728E+01
 8.41543E+01
 8.42357E+01
 8.43170E+01
 8.43982E+01
 8.44793E+01
 8.45603E+01
 8.46412E+01
 8.47221E+01
 8.48028E+01
 8.48834E+01
 8.49640E+01
 8.50444E+01
 8.51248E+01
 8.52050E+01
 8.52852E+01
 8.53653E+01
 8.54452E+01
 8.55251E+01
 8.56049E+01
 8.56846E+01
 8.57642E+01
 8.58437E+01
 8.59231E+01
 8.60024E+01
 8.60816E+01
 8.61607E+01
 8.62397E+01
 8.63186E+01
 8.63975E+01
 8.64762E+01
 8.65548E+01
 8.66333E+01
 8.67118E+01
 8.67901E+01
 8.68683E+01
 8.69465E+01
 8.70245E+01
 8.71025E+01
 8.71803E+01
 8.72580E+01
 8.73357E+01
 8.74132E+01
 8.74907E+01
 8.75680E+01
 8.76453E+01
 8.77224E+01
 8.77995E+01
 8.78764E+01
 8.79532E+01
 8.80300E+01
 8.81066E+01
 8.81832E+01
 8.82596E+01
 8.83360E+01
 8.84122E+01
 8.84883E+01
 8.85644E+01
 8.86403E+01
 8.87161E+01
 8.87919E+01
 8.88675E+01
 8.89430E+01
 8.90185E+01
 8.90938E+01
 8.91690E+01
 8.92441E+01
 8.93191E+01
 8.93940E+01
 8.94688E+01
 8.95435E+01
 8.96181E+01
 8.96926E+01
 8.97670E+01
 8.98413E+01
 8.99155E+01
 8.99896E+01
 9.00636E+01
 9.01374E+01
 9.02112E+01
 9.02849E+01
 9.03584E+01
 9.04319E+01
 9.05052E+01
 9.05785E+01
 9.06516E+01
 9.07246E+01
 9.07976E+01
 9.08704E+01
 9.09431E+01
 9.10157E+01
 9.10882E+01
 9.11606E+01
 9.12329E+01
 9.13051E+01
 9.13771E+01
 9.14491E+01
 9.15210E+01
 9.15927E+01
 9.16644E+01
 9.17359E+01
 9.18073E+01
 9.18787E+01
 9.19499E+01
 9.20210E+01
 9.20920E+01
 9.21629E+01
 9.22337E+01
 9.23044E+01
 9.23749E+01
 9.24454E+01
 9.25158E+01
 9.25860E+01
 9.26562E+01
 9.27262E+01
 9.27961E+01
 9.28659E+01
 9.29356E+01
 9.30052E+01
 9.30747E+01
 9.31441E+01
 9.32134E+01
 9.32825E+01
 9.33516E+01
 9.34205E+01
 9.34893E+01
 9.35580E+01
 9.36267E+01
 9.36952E+01
 9.37635E+01
 9.38318E+01
 9.39000E+01
 9.39681E+01
 9.40360E+01
 9.41038E+01
 9.41716E+01
 9.42392E+01
 9.43067E+01
 9.43741E+01
 9.44414E+01
 9.45085E+01
 9.45756E+01
 9.46425E+01
 9.47094E+01
 9.47761E+01
 9.48427E+01
 9.49092E+01
 9.49756E+01
 9.50419E+01
 9.51081E+01
 9.51741E+01
 9.52401E+01
 9.53059E+01
 9.53716E+01
 9.54372E+01
 9.55027E+01
 9.55681E+01
 9.56334E+01
 9.56985E+01
 9.57636E+01
 9.58285E+01
 9.58933E+01
 9.59580E+01
 9.60226E+01
 9.60871E+01
 9.61515E+01
 9.62157E+01
 9.62799E+01
 9.63439E+01
 9.64078E+01
 9.64716E+01
 9.65353E+01
 9.65989E+01
 9.66623E+01
 9.67257E+01
 9.67889E+01
 9.68520E+01
 9.69150E+01
 9.69779E+01
 9.70407E+01
 9.71034E+01
 9.71659E+01
 9.72284E+01
 9.72907E+01
 9.73529E+01
 9.74150E+01
 9.74770E+01
 9.75388E+01
 9.76006E+01
 9.76622E+01
 9.77238E+01
 9.77852E+01
 9.78465E+01
 9.79076E+01
 9.79687E+01
 9.80296E+01
 9.80905E+01
 9.81512E+01
 9.82118E+01
 9.82723E+01
 9.83326E+01
 9.83929E+01
 9.84530E+01
 9.85131E+01
 9.85730E+01
 9.86328E+01
 9.86925E+01
 9.87520E+01
 9.88115E+01
 9.88708E+01
 9.89300E+01
 9.89891E+01
 9.90481E+01
 9.91070E+01
 9.91658E+01
 9.92244E+01
 9.92829E+01
 9.93413E+01
 9.93996E+01
 9.94578E+01
 9.95159E+01
 9.95738E+01
 9.96316E+01
 9.96894E+01
 9.97470E+01
 9.98044E+01
 9.98618E+01
 9.99191E+01
 9.99762E+01
 1.00033E+02
 1.00090E+02
 1.00147E+02
 1.00204E+02
 1.00260E+02
 1.00317E+02
 1.00373E+02
 1.00429E+02
 1.00485E+02
 1.00541E+02
 1.00597E+02
 1.00653E+02
 1.00708E+02
 1.00764E+02
 1.00819E+02
 1.00875E+02
 1.00930E+02
 1.00985E+02
 1.01040E+02
 1.01094E+02
 1.01149E+02
 1.01204E+02
 1.01258E+02
 1.01313E+02
 1.01367E+02
 1.01421E+02
 1.01475E+02
 1.01529E+02
 1.01582E+02
 1.01636E+02
 1.01690E+02
 1.01743E+02
 1.01796E+02
 1.01850E+02
 1.01903E+02
 1.01956E+02
 1.02008E+02
 1.02061E+02
 1.02114E+02
 1.02166E+02
 1.02218E+02
 1.02271E+02
 1.02323E+02
 1.02375E+02
 1.02427E+02
 1.02478E+02
 1.02530E+02
 1.02582E+02
 1.02633E+02
 1.02684E+02
 1.02736E+02
 1.02787E+02
 1.02838E+02
 1.02888E+02
 1.02939E+02
 1.02990E+02
 1.03040E+02
 1.03091E+02
 1.03141E+02
 1.03191E+02
 1.03241E+02
 1.03291E+02
 1.03341E+02
 1.03390E+02
 1.03440E+02
 1.03489E+02
 1.03539E+02
 1.03588E+02
 1.03637E+02
 1.03686E+02
 1.03735E+02
 1.03784E+02
 1.03832E+02
 1.03881E+02
 1.03929E+02
 1.03977E+02
 1.04025E+02
 1.04074E+02
 1.04121E+02
 1.04169E+02
 1.04217E+02
 1.04265E+02
 1.04312E+02
 1.04359E+02
 1.04407E+02
 1.04454E+02
 1.04501E+02
 1.04547E+02
 1.04594E+02
 1.04641E+02
 1.04687E+02
 1.04734E+02
 1.04780E+02
 1.04826E+02
 1.04872E+02
 1.04918E+02
 1.04964E+02
 1.05010E+02
 1.05055E+02
 1.05101E+02
 1.05146E+02
 1.05191E+02
 1.05237E+02
 1.05282E+02
 1.05326E+02
 1.05371E+02
 1.05416E+02
 1.05460E+02
 1.05505E+02
 1.05549E+02
 1.05593E+02
 1.05637E+02
 1.05681E+02
 1.05725E+02
 1.05769E+02
 1.05813E+02
 1.05856E+02
 1.05900E+02
 1.05943E+02
 1.05986E+02
 1.06029E+02
 1.06072E+02
 1.06115E+02
 1.06157E+02
 1.06200E+02
 1.06242E+02
 1.06285E+02
 1.06327E+02
 1.06369E+02
 1.06411E+02
 1.06453E+02
 1.06495E+02
 1.06536E+02
 1.06578E+02
 1.06619E+02
 1.06661E+02
 1.06702E+02
 1.06743E+02
 1.06784E+02
 1.06825E+02
 1.06866E+02
 1.06906E+02
 1.06947E+02
 1.06987E+02
 1.07027E+02
 1.07068E+02
 1.07108E+02
 1.07148E+02
 1.07187E+02
 1.07227E+02
 1.07267E+02
 1.07306E+02
 1.07346E+02
 1.07385E+02
 1.07424E+02
 1.07463E+02
 1.07502E+02
 1.07541E+02
 1.07579E+02
 1.07618E+02
 1.07656E+02
 1.07695E+02
 1.07733E+02
 1.07771E+02
 1.07809E+02
 1.07847E+02
 1.07885E+02
 1.07922E+02
 1.07960E+02
 1.07997E+02
 1.08035E+02
 1.08072E+02
 1.08109E+02
 1.08146E+02
 1.08183E+02
 1.08219E+02
 1.08256E+02
 1.08293E+02
 1.08329E+02
 1.08365E+02
 1.08402E+02
 1.08438E+02
 1.08474E+02
 1.08509E+02
 1.08545E+02
 1.08581E+02
 1.08616E+02
 1.08652E+02
 1.08687E+02
 1.08722E+02
 1.08757E+02
 1.08792E+02
 1.08827E+02
 1.08862E+02
 1.08896E+02
 1.08931E+02
 1.08965E+02
 1.09000E+02
 1.09034E+02
 1.09068E+02
 1.09102E+02
 1.09136E+02
 1.09169E+02
 1.09203E+02
 1.09236E+02
 1.09270E+02
 1.09303E+02
 1.09336E+02
 1.09369E+02
 1.09402E+02
 1.09435E+02
 1.09468E+02
 1.09500E+02
 1.09533E+02
 1.09565E+02
 1.09598E+02
 1.09630E+02
 1.09662E+02
 1.09694E+02
 1.09726E+02
 1.09757E+02
 1.09789E+02
 1.09821E+02
 1.09852E+02
 1.09883E+02
 1.09915E+02
 1.09946E+02
 1.09977E+02
 1.10007E+02
 1.10038E+02
 1.10069E+02
 1.10099E+02
 1.10130E+02
 1.10160E+02
 1.10190E+02
 1.10220E+02
 1.10250E+02
 1.10280E+02
 1.10310E+02
 1.10340E+02
 1.10369E+02
 1.10399E+02
 1.10428E+02
 1.10457E+02
 1.10486E+02
 1.10515E+02
 1.10544E+02
 1.10573E+02
 1.10602E+02
 1.10630E+02
 1.10659E+02
 1.10687E+02
 1.10716E+02
 1.10744E+02
 1.10772E+02
 1.10800E+02
 1.10828E+02
 1.10855E+02
 1.10883E+02
 1.10910E+02
 1.10938E+02
 1.10965E+02
 1.10992E+02
 1.11019E+02
 1.11046E+02
 1.11073E+02
 1.11100E+02
 1.11127E+02
 1.11153E+02
 1.11180E+02
 1.11206E+02
 1.11232E+02
 1.11258E+02
 1.11284E+02
 1.11310E+02
 1.11336E+02
 1.11362E+02
 1.11388E+02
 1.11413E+02
 1.11438E+02
 1.11464E+02
 1.11489E+02
 1.11514E+02
 1.11539E+02
 1.11564E+02
 1.11589E+02
 1.11613E+02
 1.11638E+02
 1.11662E+02
 1.11687E+02
 1.11711E+02
 1.11735E+02
 1.11759E+02
 1.11783E+02
 1.11807E+02
 1.11831E+02
 1.11854E+02
 1.11878E+02
 1.11901E+02
 1.11925E+02
 1.11948E+02
 1.11971E+02
 1.11994E+02
 1.12017E+02
 1.12040E+02
 1.12062E+02
 1.12085E+02
 1.12107E+02
 1.12130E+02
 1.12152E+02
 1.12174E+02
 1.12196E+02
 1.12218E+02
 1.12240E+02
 1.12262E+02
 1.12284E+02
 1.12305E+02
 1.12327E+02
 1.12348E+02
 1.12370E+02
 1.12391E+02
 1.12412E+02
 1.12433E+02
 1.12454E+02
 1.12475E+02
 1.12495E+02
 1.12516E+02
 1.12536E+02
 1.12557E+02
 1.12577E+02
 1.12597E+02
 1.12617E+02
 1.12637E+02
 1.12657E+02
 1.12677E+02
 1.12697E+02
 1.12716E+02
 1.12736E+02
 1.12755E+02
 1.12774E+02
 1.12794E+02
 1.12813E+02
 1.12832E+02
 1.12851E+02
 1.12869E+02
 1.12888E+02
 1.12907E+02
 1.12925E+02
 1.12944E+02
 1.12962E+02
 1.12980E+02
 1.12998E+02
 1.13016E+02
 1.13034E+02
 1.13052E+02
 1.13070E+02
 1.13087E+02
 1.13105E+02
 1.13122E+02
 1.13140E+02
 1.13157E+02
 1.13174E+02
 1.13191E+02
 1.13208E+02
 1.13225E+02
 1.13242E+02
 1.13258E+02
 1.13275E+02
 1.13292E+02
 1.13308E+02
 1.13324E+02
 1.13340E+02
 1.13357E+02
 1.13373E+02
 1.13388E+02
 1.13404E+02
 1.13420E+02
 1.13436E+02
 1.13451E+02
 1.13467E+02
 1.13482E+02
 1.13497E+02
 1.13512E+02
 1.13527E+02
 1.13542E+02
 1.13557E+02
 1.13572E+02
 1.13587E+02
 1.13601E+02
 1.13616E+02
 1.13630E+02
 1.13645E+02
 1.13659E+02
 1.13673E+02
 1.13687E+02
 1.13701E+02
 1.13715E+02
 1.13729E+02
 1.13742E+02
 1.13756E+02
 1.13769E+02
 1.13783E+02
 1.13796E+02
 1.13809E+02
 1.13823E+02
 1.13836E+02
 1.13849E+02
 1.13861E+02
 1.13874E+02
 1.13887E+02
 1.13899E+02
 1.13912E+02
 1.13924E+02
 1.13937E+02
 1.13949E+02
 1.13961E+02
 1.13973E+02
 1.13985E+02
 1.13997E+02
 1.14009E+02
 1.14020E+02
 1.14032E+02
 1.14044E+02
 1.14055E+02
 1.14066E+02
 1.14078E+02
 1.14089E+02
 1.14100E+02
 1.14111E+02
 1.14122E+02
 1.14133E+02
 1.14143E+02
 1.14154E+02
 1.14164E+02
 1.14175E+02
 1.14185E+02
 1.14196E+02
 1.14206E+02
 1.14216E+02
 1.14226E+02
 1.14236E+02
 1.14246E+02
 1.14256E+02
 1.14265E+02
 1.14275E+02
 1.14284E+02
 1.14294E+02
 1.14303E+02
 1.14312E+02
 1.14322E+02
 1.14331E+02
 1.14340E+02
 1.14349E+02
 1.14357E+02
 1.14366E+02
 1.14375E+02
 1.14383E+02
 1.14392E+02
 1.14400E+02
 1.14409E+02
 1.14417E+02
 1.14425E+02
 1.14433E+02
 1.14441E+02
 1.14449E+02
 1.14457E+02
 1.14465E+02
 1.14472E+02
 1.14480E+02
 1.14487E+02
 1.14495E+02
 1.14502E+02
 1.14509E+02
 1.14516E+02
 1.14524E+02
 1.14531E+02
 1.14537E+02
 1.14544E+02
 1.14551E+02
 1.14558E+02
 1.14564E+02
 1.14571E+02
 1.14577E+02
 1.14584E+02
 1.14590E+02
 1.14596E+02
 1.14602E+02
 1.14608E+02
 1.14614E+02
 1.14620E+02
 1.14626E+02
 1.14632E+02
 1.14637E+02
 1.14643E+02
 1.14648E+02
 1.14654E+02
 1.14659E+02
 1.14664E+02
 1.14669E+02
 1.14674E+02
 1.14679E+02
 1.14684E+02
 1.14689E+02
 1.14694E+02
 1.14699E+02
 1.14703E+02
 1.14708E+02
 1.14712E+02
 1.14717E+02
 1.14721E+02
 1.14725E+02
 1.14729E+02
 1.14733E+02
 1.14737E+02
 1.14741E+02
 1.14745E+02
 1.14749E+02
 1.14753E+02
 1.14756E+02
 1.14760E+02
 1.14763E+02
 1.14767E+02
 1.14770E+02
 1.14773E+02
 1.14776E+02
 1.14780E+02
 1.14783E+02
 1.14785E+02
 1.14788E+02
 1.14791E+02
 1.14794E+02
 1.14796E+02
 1.14799E+02
 1.14802E+02
 1.14804E+02
 1.14806E+02
 1.14809E+02
 1.14811E+02
 1.14813E+02
 1.14815E+02
 1.14817E+02
 1.14819E+02
 1.14821E+02
 1.14822E+02
 1.14824E+02
 1.14826E+02
 1.14827E+02
 1.14829E+02
 1.14830E+02
 1.14832E+02
 1.14833E+02
 1.14834E+02
 1.14835E+02
 1.14836E+02
 1.14837E+02
 1.14838E+02
 1.14839E+02
 1.14840E+02
 1.14840E+02
 1.14841E+02
 1.14842E+02
 1.14842E+02
 1.14842E+02
 1.14843E+02
 1.14843E+02
 1.14843E+02
 1.14843E+02
 1.14843E+02
 1.14843E+02
 1.14843E+02
 1.14843E+02
 1.14843E+02
 1.14843E+02
 1.14842E+02
 1.14842E+02
 1.14842E+02
 1.14841E+02
 1.14840E+02
 1.14840E+02
 1.14839E+02
 1.14838E+02
 1.14837E+02
 1.14836E+02
 1.14835E+02
 1.14834E+02
 1.14833E+02
 1.14832E+02
 1.14830E+02
 1.14829E+02
 1.14828E+02
 1.14826E+02
 1.14825E+02
 1.14823E+02
 1.14821E+02
 1.14820E+02
 1.14818E+02
 1.14816E+02
 1.14814E+02
 1.14812E+02
 1.14810E+02
 1.14808E+02
 1.14806E+02
 1.14803E+02
 1.14801E+02
 1.14799E+02
 1.14796E+02
 1.14794E+02
 1.14791E+02
 1.14788E+02
 1.14786E+02
 1.14783E+02
 1.14780E+02
 1.14777E+02
 1.14774E+02
 1.14771E+02
 1.14768E+02
 1.14765E+02
 1.14762E+02
 1.14758E+02
 1.14755E+02
 1.14752E+02
 1.14748E+02
 1.14745E+02
 1.14741E+02
 1.14738E+02
 1.14734E+02
 1.14730E+02
 1.14726E+02
 1.14722E+02
 1.14718E+02
 1.14714E+02
 1.14710E+02
 1.14706E+02
 1.14702E+02
 1.14698E+02
 1.14694E+02
 1.14689E+02
 1.14685E+02
 1.14680E+02
 1.14676E+02
 1.14671E+02
 1.14666E+02
 1.14662E+02
 1.14657E+02
 1.14652E+02
 1.14647E+02
 1.14642E+02
 1.14637E+02
 1.14632E+02
 1.14627E+02
 1.14622E+02
 1.14617E+02
 1.14611E+02
 1.14606E+02
 1.14601E+02
 1.14595E+02
 1.14590E+02
 1.14584E+02
 1.14578E+02
 1.14573E+02
 1.14567E+02
 1.14561E+02
 1.14555E+02
 1.14549E+02
 1.14544E+02
 1.14537E+02
 1.14531E+02
 1.14525E+02
 1.14519E+02
 1.14513E+02
 1.14507E+02
 1.14500E+02
 1.14494E+02
 1.14487E+02
 1.14481E+02
 1.14474E+02
 1.14468E+02
 1.14461E+02
 1.14454E+02
 1.14447E+02
 1.14441E+02
 1.14434E+02
 1.14427E+02
 1.14420E+02
 1.14413E+02
 1.14406E+02
 1.14399E+02
 1.14391E+02
 1.14384E+02
 1.14377E+02
 1.14369E+02
 1.14362E+02
 1.14355E+02
 1.14347E+02
 1.14339E+02
 1.14332E+02
 1.14324E+02
 1.14316E+02
 1.14309E+02
 1.14301E+02
 1.14293E+02
 1.14285E+02
 1.14277E+02
 1.14269E+02
 1.14261E+02
 1.14253E+02
 1.14245E+02
 1.14236E+02
 1.14228E+02
 1.14220E+02
 1.14212E+02
 1.14203E+02
 1.14195E+02
 1.14186E+02
 1.14178E+02
 1.14169E+02
 1.14160E+02
 1.14152E+02
 1.14143E+02
 1.14134E+02
 1.14125E+02
 1.14116E+02
 1.14107E+02
 1.14098E+02
 1.14089E+02
 1.14080E+02
 1.14071E+02
 1.14062E+02
 1.14053E+02
 1.14043E+02
 1.14034E+02
 1.14025E+02
 1.14015E+02
 1.14006E+02
 1.13996E+02
 1.13987E+02
 1.13977E+02
 1.13968E+02
 1.13958E+02
 1.13948E+02
 1.13938E+02
 1.13929E+02
 1.13919E+02
 1.13909E+02
 1.13899E+02
 1.13889E+02
 1.13879E+02
 1.13869E+02
 1.13859E+02
 1.13849E+02
 1.13838E+02
 1.13828E+02
 1.13818E+02
 1.13807E+02
 1.13797E+02
 1.13787E+02
 1.13776E+02
 1.13766E+02
 1.13755E+02
 1.13744E+02
 1.13734E+02
 1.13723E+02
 1.13712E+02
 1.13702E+02
 1.13691E+02
 1.13680E+02
 1.13669E+02
 1.13658E+02
 1.13647E+02
 1.13636E+02
 1.13625E+02
 1.13614E+02
 1.13603E+02
 1.13592E+02
 1.13580E+02
 1.13569E+02
 1.13558E+02
 1.13547E+02
 1.13535E+02
 1.13524E+02
 1.13512E+02
 1.13501E+02
 1.13489E+02
 1.13478E+02
 1.13466E+02
 1.13454E+02
 1.13443E+02
 1.13431E+02
 1.13419E+02
 1.13407E+02
 1.13396E+02
 1.13384E+02
 1.13372E+02
 1.13360E+02
 1.13348E+02
 1.13336E+02
 1.13324E+02
 1.13312E+02
 1.13299E+02
 1.13287E+02
 1.13275E+02
 1.13263E+02
 1.13251E+02
 1.13238E+02
 1.13226E+02
 1.13213E+02
 1.13201E+02
 1.13189E+02
 1.13176E+02
 1.13163E+02
 1.13151E+02
 1.13138E+02
 1.13126E+02
 1.13113E+02
 1.13100E+02
 1.13087E+02
 1.13075E+02
 1.13062E+02
 1.13049E+02
 1.13036E+02
 1.13023E+02
 1.13010E+02
 1.12997E+02
 1.12984E+02
 1.12971E+02
 1.12958E+02
 1.12945E+02
 1.12932E+02
 1.12919E+02
 1.12905E+02
 1.12892E+02
 1.12879E+02
 1.12865E+02
 1.12852E+02
 1.12839E+02
 1.12825E+02
 1.12812E+02
 1.12798E+02
 1.12785E+02
 1.12771E+02
 1.12758E+02
 1.12744E+02
 1.12730E+02
 1.12717E+02
 1.12703E+02
 1.12689E+02
 1.12675E+02
 1.12662E+02
 1.12648E+02
 1.12634E+02
 1.12620E+02
 1.12606E+02
 1.12592E+02
 1.12578E+02
 1.12564E+02
 1.12550E+02
 1.12536E+02
 1.12522E+02
 1.12508E+02
 1.12494E+02
 1.12479E+02
 1.12465E+02
 1.12451E+02
 1.12437E+02
 1.12422E+02
 1.12408E+02
 1.12394E+02
 1.12379E+02
 1.12365E+02
 1.12350E+02
 1.12336E+02
 1.12322E+02
 1.12307E+02
 1.12292E+02
 1.12278E+02
 1.12263E+02
 1.12249E+02
 1.12234E+02
 1.12219E+02
 1.12205E+02
 1.12190E+02
 1.12175E+02
 1.12160E+02
 1.12145E+02
 1.12131E+02
 1.12116E+02
 1.12101E+02
 1.12086E+02
 1.12071E+02
 1.12056E+02
 1.12041E+02
 1.12026E+02
 1.12011E+02
 1.11996E+02
 1.11981E+02
 1.11965E+02
 1.11950E+02
 1.11935E+02
 1.11920E+02
 1.11905E+02
 1.11889E+02
 1.11874E+02
 1.11859E+02
 1.11844E+02
 1.11828E+02
 1.11813E+02
 1.11797E+02
 1.11782E+02
 1.11767E+02
 1.11751E+02
 1.11736E+02
 1.11720E+02
 1.11705E+02
 1.11689E+02
 1.11673E+02
 1.11658E+02
 1.11642E+02
 1.11627E+02
 1.11611E+02
 1.11595E+02
 1.11579E+02
 1.11564E+02
 1.11548E+02
 1.11532E+02
 1.11516E+02
 1.11501E+02
 1.11485E+02
 1.11469E+02
 1.11453E+02
 1.11437E+02
 1.11421E+02
 1.11405E+02
 1.11389E+02
 1.11373E+02
 1.11357E+02
 1.11341E+02
 1.11325E+02
 1.11309E+02
 1.11293E+02
 1.11277E+02
 1.11261E+02
 1.11245E+02
 1.11228E+02
 1.11212E+02
 1.11196E+02
 1.11180E+02
 1.11164E+02
 1.11147E+02
 1.11131E+02
 1.11115E+02
 1.11098E+02
 1.11082E+02
 1.11066E+02
 1.11049E+02
 1.11033E+02
 1.11017E+02
 1.11000E+02
 1.10984E+02
 1.10967E+02
 1.10951E+02
 1.10934E+02
 1.10918E+02
 1.10901E+02
 1.10885E+02
 1.10868E+02
 1.10852E+02
 1.10835E+02
 1.10818E+02
 1.10802E+02
 1.10785E+02
 1.10768E+02
 1.10752E+02
 1.10735E+02
 1.10718E+02
 1.10702E+02
 1.10685E+02
 1.10668E+02
 1.10651E+02
 1.10635E+02
 1.10618E+02
 1.10601E+02
 1.10584E+02
 1.10567E+02
 1.10550E+02
 1.10534E+02
 1.10517E+02
 1.10500E+02
 1.10483E+02
 1.10466E+02
 1.10449E+02
 1.10432E+02
 1.10415E+02
 1.10398E+02
 1.10381E+02
 1.10364E+02
 1.10347E+02
 1.10330E+02
 1.10313E+02
 1.10296E+02
 1.10279E+02
 1.10262E+02
 1.10245E+02
 1.10228E+02
 1.10210E+02
 1.10193E+02
 1.10176E+02
 1.10159E+02
 1.10142E+02
 1.10125E+02
 1.10107E+02
 1.10090E+02
 1.10073E+02
 1.10056E+02
 1.10038E+02
 1.10021E+02
 1.10004E+02
 1.09987E+02
 1.09969E+02
 1.09952E+02
 1.09935E+02
 1.09917E+02
 1.09900E+02
 1.09883E+02
 1.09865E+02
 1.09848E+02
 1.09831E+02
 1.09813E+02
 1.09796E+02
 1.09778E+02
 1.09761E+02
 1.09743E+02
 1.09726E+02
 1.09709E+02
 1.09691E+02
 1.09674E+02
 1.09656E+02
 1.09639E+02
 1.09621E+02
 1.09604E+02
 1.09586E+02
 1.09569E+02
 1.09551E+02
 1.09534E+02
 1.09516E+02
 1.09498E+02
 1.09481E+02
 1.09463E+02
 1.09446E+02
 1.09428E+02
 1.09411E+02
 1.09393E+02
 1.09375E+02
 1.09358E+02
 1.09340E+02
 1.09322E+02
 1.09305E+02
 1.09287E+02
 1.09269E+02
 1.09252E+02
 1.09234E+02
 1.09216E+02
 1.09199E+02
 1.09181E+02
 1.09163E+02
 1.09146E+02
 1.09128E+02
 1.09110E+02
 1.09092E+02
 1.09075E+02
 1.09057E+02
 1.09039E+02
 1.09022E+02
 1.09004E+02
 1.08986E+02
 1.08968E+02
 1.08950E+02
 1.08933E+02
 1.08915E+02
 1.08897E+02
 1.08879E+02
 1.08862E+02
 1.08844E+02
 1.08826E+02
 1.08808E+02
 1.08790E+02
 1.08772E+02
 1.08755E+02
 1.08737E+02
 1.08719E+02
 1.08701E+02
 1.08683E+02
 1.08665E+02
 1.08648E+02
 1.08630E+02
 1.08612E+02
 1.08594E+02
 1.08576E+02
 1.08558E+02
 1.08540E+02
 1.08523E+02
 1.08505E+02
 1.08487E+02
 1.08469E+02
 1.08451E+02
 1.08433E+02
 1.08415E+02
 1.08397E+02
 1.08379E+02
 1.08362E+02
 1.08344E+02
 1.08326E+02
 1.08308E+02
 1.08290E+02
 1.08272E+02
 1.08254E+02
 1.08236E+02
 1.08218E+02
 1.08200E+02
 1.08182E+02
 1.08165E+02
 1.08147E+02
 1.08129E+02
 1.08111E+02
 1.08093E+02
 1.08075E+02
 1.08057E+02
 1.08039E+02
 1.08021E+02
 1.08003E+02
 1.07985E+02
 1.07967E+02
 1.07949E+02
 1.07931E+02
 1.07914E+02
 1.07896E+02
 1.07878E+02
 1.07860E+02
 1.07842E+02
 1.07824E+02
 1.07806E+02
 1.07788E+02
 1.07770E+02
 1.07752E+02
 1.07734E+02
 1.07716E+02
 1.07698E+02
 1.07680E+02
 1.07662E+02
 1.07645E+02
 1.07627E+02
 1.07609E+02
 1.07591E+02
 1.07573E+02
 1.07555E+02
 1.07537E+02
 1.07519E+02
 1.07501E+02
 1.07483E+02
 1.07465E+02
 1.07447E+02
 1.07430E+02
 1.07412E+02
 1.07394E+02
 1.07376E+02
 1.07358E+02
 1.07340E+02
 1.07322E+02
 1.07304E+02
 1.07286E+02
 1.07268E+02
 1.07251E+02
 1.07233E+02
 1.07215E+02
 1.07197E+02
 1.07179E+02
 1.07161E+02
 1.07143E+02
 1.07125E+02
 1.07108E+02
 1.07090E+02
 1.07072E+02
 1.07054E+02
 1.07036E+02
 1.07018E+02
 1.07000E+02
 1.06983E+02
 1.06965E+02
 1.06947E+02
 1.06929E+02
 1.06911E+02
 1.06894E+02
 1.06876E+02
 1.06858E+02
 1.06840E+02
 1.06822E+02
 1.06805E+02
 1.06787E+02
 1.06769E+02
 1.06751E+02
 1.06733E+02
 1.06716E+02
 1.06698E+02
 1.06680E+02
 1.06662E+02
 1.06645E+02
 1.06627E+02
 1.06609E+02
 1.06591E+02
 1.06574E+02
 1.06556E+02
 1.06538E+02
 1.06521E+02
 1.06503E+02
 1.06485E+02
 1.06467E+02
 1.06450E+02
 1.06432E+02
 1.06414E+02
 1.06397E+02
 1.06379E+02
 1.06361E+02
 1.06344E+02
 1.06326E+02
 1.06308E+02
 1.06291E+02
 1.06273E+02
 1.06256E+02
 1.06238E+02
 1.06220E+02
 1.06203E+02
 1.06185E+02
 1.06168E+02
 1.06150E+02
 1.06132E+02
 1.06115E+02
 1.06097E+02
 1.06080E+02
 1.06062E+02
 1.06045E+02
 1.06027E+02
 1.06010E+02
 1.05992E+02
 1.05975E+02
 1.05957E+02
 1.05940E+02
 1.05922E+02
 1.05905E+02
 1.05887E+02
 1.05870E+02
 1.05852E+02
 1.05835E+02
 1.05818E+02
 1.05800E+02
 1.05783E+02
 1.05765E+02
 1.05748E+02
 1.05731E+02
 1.05713E+02
 1.05696E+02
 1.05678E+02
 1.05661E+02
 1.05644E+02
 1.05626E+02
 1.05609E+02
 1.05592E+02
 1.05575E+02
 1.05557E+02
 1.05540E+02
 1.05523E+02
 1.05505E+02
 1.05488E+02
 1.05471E+02
 1.05454E+02
 1.05436E+02
 1.05419E+02
 1.05402E+02
 1.05385E+02
 1.05368E+02
 1.05351E+02
 1.05333E+02
 1.05316E+02
 1.05299E+02
 1.05282E+02
 1.05265E+02
 1.05248E+02
 1.05231E+02
 1.05213E+02
 1.05196E+02
 1.05179E+02
 1.05162E+02
 1.05145E+02
 1.05128E+02
 1.05111E+02
 1.05094E+02
 1.05077E+02
 1.05060E+02
 1.05043E+02
 1.05026E+02
 1.05009E+02
 1.04992E+02
 1.04975E+02
 1.04958E+02
 1.04941E+02
 1.04925E+02
 1.04908E+02
 1.04891E+02
 1.04874E+02
 1.04857E+02
 1.04840E+02
 1.04823E+02
 1.04807E+02
 1.04790E+02
 1.04773E+02
 1.04756E+02
 1.04739E+02
 1.04723E+02
 1.04706E+02
 1.04689E+02
 1.04672E+02
 1.04656E+02
 1.04639E+02
 1.04622E+02
 1.04606E+02
 1.04589E+02
 1.04572E+02
 1.04556E+02
 1.04539E+02
 1.04522E+02
 1.04506E+02
 1.04489E+02
 1.04473E+02
 1.04456E+02
 1.04440E+02
 1.04423E+02
 1.04407E+02
 1.04390E+02
 1.04374E+02
 1.04357E+02
 1.04341E+02
 1.04324E+02
 1.04308E+02
 1.04291E+02
 1.04275E+02
 1.04258E+02
 1.04242E+02
 1.04226E+02
 1.04209E+02
 1.04193E+02
 1.04177E+02
 1.04160E+02
 1.04144E+02
 1.04128E+02
 1.04111E+02
 1.04095E+02
 1.04079E+02
 1.04063E+02
 1.04046E+02
 1.04030E+02
 1.04014E+02
 1.03998E+02
 1.03982E+02
 1.03966E+02
 1.03949E+02
 1.03933E+02
 1.03917E+02
 1.03901E+02
 1.03885E+02
 1.03869E+02
 1.03853E+02
 1.03837E+02
 1.03821E+02
 1.03805E+02
 1.03789E+02
 1.03773E+02
 1.03757E+02
 1.03741E+02
 1.03725E+02
 1.03709E+02
 1.03693E+02
 1.03677E+02
 1.03662E+02
 1.03646E+02
 1.03630E+02
 1.03614E+02
 1.03598E+02
 1.03582E+02
 1.03567E+02
 1.03551E+02
 1.03535E+02
 1.03519E+02
 1.03504E+02
 1.03488E+02
 1.03472E+02
 1.03457E+02
 1.03441E+02
 1.03425E+02
 1.03410E+02
 1.03394E+02
 1.03379E+02
 1.03363E+02
 1.03347E+02
 1.03332E+02
 1.03316E+02
 1.03301E+02
 1.03285E+02
 1.03270E+02
 1.03255E+02
 1.03239E+02
 1.03224E+02
 1.03208E+02
 1.03193E+02
 1.03177E+02
 1.03162E+02
 1.03147E+02
 1.03131E+02
 1.03116E+02
 1.03101E+02
 1.03086E+02
 1.03070E+02
 1.03055E+02
 1.03040E+02
 1.03025E+02
 1.03009E+02
 1.02994E+02
 1.02979E+02
 1.02964E+02
 1.02949E+02
 1.02934E+02
 1.02919E+02
 1.02904E+02
 1.02889E+02
 1.02874E+02
 1.02859E+02
 1.02844E+02
 1.02829E+02
 1.02814E+02
 1.02799E+02
 1.02784E+02
 1.02769E+02
 1.02754E+02
 1.02739E+02
 1.02724E+02
 1.02709E+02
 1.02695E+02
 1.02680E+02
 1.02665E+02
 1.02650E+02
 1.02635E+02
 1.02621E+02
 1.02606E+02
 1.02591E+02
 1.02577E+02
 1.02562E+02
 1.02547E+02
 1.02533E+02
 1.02518E+02
 1.02503E+02
 1.02489E+02
 1.02474E+02
 1.02460E+02
 1.02445E+02
 1.02431E+02
 1.02416E+02
 1.02402E+02
 1.02387E+02
 1.02373E+02
 1.02358E+02
 1.02344E+02
 1.02330E+02
 1.02315E+02
 1.02301E+02
 1.02287E+02
 1.02272E+02
 1.02258E+02
 1.02244E+02
 1.02230E+02
 1.02215E+02
 1.02201E+02
 1.02187E+02
 1.02173E+02
 1.02159E+02
 1.02145E+02
 1.02130E+02
 1.02116E+02
 1.02102E+02
 1.02088E+02
 1.02074E+02
 1.02060E+02
 1.02046E+02
 1.02032E+02
 1.02018E+02
 1.02004E+02
 1.01990E+02
 1.01976E+02
 1.01963E+02
 1.01949E+02
 1.01935E+02
 1.01921E+02
 1.01907E+02
 1.01893E+02
 1.01880E+02
 1.01866E+02
 1.01852E+02
 1.01838E+02
 1.01825E+02
 1.01811E+02
 1.01797E+02
 1.01784E+02
 1.01770E+02
 1.01757E+02
 1.01743E+02
 1.01729E+02
 1.01716E+02
 1.01702E+02
 1.01689E+02
 1.01675E+02
 1.01662E+02
 1.01649E+02
 1.01635E+02
 1.01622E+02
 1.01608E+02
 1.01595E+02
 1.01582E+02
 1.01568E+02
 1.01555E+02
 1.01542E+02
 1.01528E+02
 1.01515E+02
 1.01502E+02
 1.01489E+02
 1.01476E+02
 1.01462E+02
 1.01449E+02
 1.01436E+02
 1.01423E+02
 1.01410E+02
 1.01397E+02
 1.01384E+02
 1.01371E+02
 1.01358E+02
 1.01345E+02
 1.01332E+02
 1.01319E+02
 1.01306E+02
 1.01293E+02
 1.01280E+02
 1.01267E+02
 1.01255E+02
 1.01242E+02
 1.01229E+02
 1.01216E+02
 1.01203E+02
 1.01191E+02
 1.01178E+02
 1.01165E+02
 1.01153E+02
 1.01140E+02
 1.01127E+02
 1.01115E+02
 1.01102E+02
 1.01090E+02
 1.01077E+02
 1.01064E+02
 1.01052E+02
 1.01039E+02
 1.01027E+02
 1.01015E+02
 1.01002E+02
 1.00990E+02
 1.00977E+02
 1.00965E+02
 1.00953E+02
 1.00940E+02
 1.00928E+02
 1.00916E+02
 1.00903E+02
 1.00891E+02
 1.00879E+02
 1.00867E+02
 1.00855E+02
 1.00842E+02
 1.00830E+02
 1.00818E+02
 1.00806E+02
 1.00794E+02
 1.00782E+02
 1.00770E+02
 1.00758E+02
 1.00746E+02
 1.00734E+02
 1.00722E+02
 1.00710E+02
 1.00698E+02
 1.00686E+02
 1.00674E+02
 1.00663E+02
 1.00651E+02
 1.00639E+02
 1.00627E+02
 1.00615E+02
 1.00604E+02
 1.00592E+02
 1.00580E+02
 1.00569E+02
 1.00557E+02
 1.00545E+02
 1.00534E+02
 1.00522E+02
 1.00510E+02
 1.00499E+02
 1.00487E+02
 1.00476E+02
 1.00464E+02
 1.00453E+02
 1.00442E+02
 1.00430E+02
 1.00419E+02
 1.00407E+02
 1.00396E+02
 1.00385E+02
 1.00373E+02
 1.00362E+02
 1.00351E+02
 1.00339E+02
 1.00328E+02
 1.00317E+02
 1.00306E+02
 1.00295E+02
 1.00284E+02
 1.00272E+02
 1.00261E+02
 1.00250E+02
 1.00239E+02
 1.00228E+02
 1.00217E+02
 1.00206E+02
 1.00195E+02
 1.00184E+02
 1.00173E+02
 1.00162E+02
 1.00151E+02
 1.00141E+02
 1.00130E+02
 1.00119E+02
 1.00108E+02
 1.00097E+02
 1.00087E+02
 1.00076E+02
 1.00065E+02
 1.00054E+02
 1.00044E+02
 1.00033E+02
 1.00022E+02
 1.00012E+02
 1.00001E+02
 9.99907E+01
 9.99801E+01
 9.99696E+01
 9.99591E+01
 9.99486E+01
 9.99382E+01
 9.99277E+01
 9.99173E+01
 9.99069E+01
 9.98965E+01
 9.98862E+01
 9.98759E+01
 9.98655E+01
 9.98553E+01
 9.98450E+01
 9.98348E+01
 9.98245E+01
 9.98143E+01
 9.98042E+01
 9.97940E+01
 9.97839E+01
 9.97738E+01
 9.97637E+01
 9.97536E+01
 9.97435E+01
 9.97335E+01
 9.97235E+01
 9.97135E+01
 9.97036E+01
 9.96936E+01
 9.96837E+01
 9.96738E+01
 9.96639E+01
 9.96541E+01
 9.96442E+01
 9.96344E+01
 9.96246E+01
 9.96149E+01
 9.96051E+01
 9.95954E+01
 9.95857E+01
 9.95760E+01
 9.95664E+01
 9.95567E+01
 9.95471E+01
 9.95375E+01
 9.95279E+01
 9.95184E+01
 9.95089E+01
 9.94994E+01
 9.94899E+01
 9.94804E+01
 9.94710E+01
 9.94615E+01
 9.94521E+01
 9.94428E+01
 9.94334E+01
 9.94241E+01
 9.94148E+01
 9.94055E+01
 9.93962E+01
 9.93870E+01
 9.93777E+01
 9.93685E+01
 9.93594E+01
 9.93502E+01
 9.93410E+01
 9.93319E+01
 9.93228E+01
 9.93138E+01
 9.93047E+01
 9.92957E+01
 9.92867E+01
 9.92777E+01
 9.92687E+01
 9.92598E+01
 9.92508E+01
 9.92419E+01
 9.92331E+01
 9.92242E+01
 9.92154E+01
 9.92066E+01
 9.91978E+01
 9.91890E+01
 9.91803E+01
 9.91715E+01
 9.91628E+01
 9.91541E+01
 9.91455E+01
 9.91368E+01
 9.91282E+01
 9.91196E+01
 9.91110E+01
 9.91025E+01
 9.90939E+01
 9.90854E+01
 9.90769E+01
 9.90685E+01
 9.90600E+01
 9.90516E+01
 9.90432E+01
 9.90348E+01
 9.90265E+01
 9.90181E+01
 9.90098E+01
 9.90015E+01
 9.89932E+01
 9.89850E+01
 9.89767E+01
 9.89685E+01
 9.89603E+01
 9.89522E+01
 9.89440E+01
 9.89359E+01
 9.89278E+01
 9.89197E+01
 9.89116E+01
 9.89036E+01
 9.88956E+01
 9.88876E+01
 9.88796E+01
 9.88717E+01
 9.88637E+01
 9.88558E+01
 9.88479E+01
 9.88401E+01
 9.88322E+01
 9.88244E+01
 9.88166E+01
 9.88088E+01
 9.88011E+01
 9.87933E+01
 9.87856E+01
 9.87779E+01
 9.87702E+01
 9.87626E+01
 9.87549E+01
 9.87473E+01
 9.87397E+01
 9.87322E+01
 9.87246E+01
 9.87171E+01
 9.87096E+01
 9.87021E+01
 9.86946E+01
 9.86872E+01
 9.86798E+01
 9.86724E+01
 9.86650E+01
 9.86576E+01
 9.86503E+01
 9.86430E+01
 9.86357E+01
 9.86284E+01
 9.86212E+01
 9.86140E+01
 9.86067E+01
 9.85996E+01
 9.85924E+01
 9.85852E+01
 9.85781E+01
 9.85710E+01
 9.85639E+01
 9.85569E+01
 9.85498E+01
 9.85428E+01
 9.85358E+01
 9.85288E+01
 9.85219E+01
 9.85150E+01
 9.85080E+01
 9.85011E+01
 9.84943E+01
 9.84874E+01
 9.84806E+01
 9.84738E+01
 9.84670E+01
 9.84602E+01
 9.84535E+01
 9.84468E+01
 9.84400E+01
 9.84334E+01
 9.84267E+01
 9.84201E+01
 9.84134E+01
 9.84068E+01
 9.84003E+01
 9.83937E+01
 9.83872E+01
 9.83806E+01
 9.83742E+01
 9.83677E+01
 9.83612E+01
 9.83548E+01
 9.83484E+01
 9.83420E+01
 9.83356E+01
 9.83293E+01
 9.83229E+01
 9.83166E+01
 9.83103E+01
 9.83041E+01
 9.82978E+01
 9.82916E+01
 9.82854E+01
 9.82792E+01
 9.82730E+01
 9.82669E+01
 9.82608E+01
 9.82547E+01
 9.82486E+01
 9.82425E+01
 9.82365E+01
 9.82304E+01
 9.82244E+01
 9.82185E+01
 9.82125E+01
 9.82066E+01
 9.82007E+01
 9.81948E+01
 9.81889E+01
 9.81830E+01
 9.81772E+01
 9.81714E+01
 9.81656E+01
 9.81598E+01
 9.81540E+01
 9.81483E+01
 9.81426E+01
 9.81369E+01
 9.81312E+01
 9.81256E+01
 9.81199E+01
 9.81143E+01
 9.81087E+01
 9.81031E+01
 9.80976E+01
 9.80920E+01
 9.80865E+01
 9.80810E+01
 9.80756E+01
 9.80701E+01
 9.80647E+01
 9.80593E+01
 9.80539E+01
 9.80485E+01
 9.80431E+01
 9.80378E+01
 9.80325E+01
 9.80272E+01
 9.80219E+01
 9.80167E+01
 9.80114E+01
 9.80062E+01
 9.80010E+01
 9.79958E+01
 9.79907E+01
 9.79855E+01
 9.79804E+01
 9.79753E+01
 9.79703E+01
 9.79652E+01
 9.79602E+01
 9.79552E+01
 9.79502E+01
 9.79452E+01
 9.79402E+01
